All	All	6537670	0.0745458604273	0.0745458604273	0.0745458604273	1.0
All	Anhui	6537670	0.0745458604273	0.0738351740487	0.0725564210007	0.977985542485
All	Beijing	6537670	0.0745458604273	0.0691302453694	0.0710589912563	0.989858741942
All	Chongqing	6537670	0.0745458604273	0.0721805073951	0.0726672049232	0.99064197225
All	Fujian	6537670	0.0745458604273	0.0723060762315	0.0702989398528	0.957523876917
All	Gansu	6537670	0.0745458604273	0.0659470617899	0.0670966428991	0.956954524251
All	Guangdong	6537670	0.0745458604273	0.0744505084764	0.0725969327107	0.974479420015
All	Guangxi	6537670	0.0745458604273	0.0753451362063	0.0735302366004	0.981130070035
All	Guizhou	6537670	0.0745458604273	0.0733505328563	0.0729033799822	0.985903166039
All	Hainan	6537670	0.0745458604273	0.0717048760597	0.0261097925715	0.357122580397
All	Hebei	6537670	0.0745458604273	0.0691491653138	0.0709800844784	0.988624285958
All	Heilongjiang	6537670	0.0745458604273	0.0757963302092	0.0734802610662	0.977540670297
All	Henan	6537670	0.0745458604273	0.0738975119217	0.0738101412132	0.994464677937
All	Hubei	6537670	0.0745458604273	0.071462669623	0.0706470147339	0.967926613334
All	Hunan	6537670	0.0745458604273	0.0723096448459	0.0725197857457	0.9877490762
All	Inner_Mongolia	6537670	0.0745458604273	0.0737281002597	0.0729223572296	0.983631461267
All	Jiangsu	6537670	0.0745458604273	0.0740224628586	0.0739404395801	0.995379052423
All	Jiangxi	6537670	0.0745458604273	0.0748123772722	0.0736831921004	0.986665490221
All	Jilin	6537670	0.0745458604273	0.0740782487049	0.0729158629087	0.9812166308
All	Korea	6537670	0.0745458604273	0.0720357242214	0.0636385654866	0.868429668676
All	Liaoning	6537670	0.0745458604273	0.0740633235568	0.0738491768125	0.993876207871
All	Ningxia	6537670	0.0745458604273	0.0755540403614	0.0725737881475	0.967028290937
All	Qinghai	6537670	0.0745458604273	0.0721777207464	0.0705717514154	0.962094092405
All	Shaanxi	6537670	0.0745458604273	0.068943122836	0.0708763213448	0.988653087488
All	Shandong	6537670	0.0745458604273	0.0745339616991	0.0742775076338	0.996479695387
All	Shanghai	6537670	0.0745458604273	0.073986677788	0.0734637971518	0.989201674516
All	Shanxi	6537670	0.0745458604273	0.0726580543496	0.0722524300367	0.981745253338
All	Sichuan	6537670	0.0745458604273	0.0707305970887	0.0716985965798	0.98740478353
All	Taiwan	6537670	0.0745458604273	0.0742096072577	0.0729091714444	0.980257853349
All	Tianjin	6537670	0.0745458604273	0.0704220904498	0.0715886395514	0.988047644146
All	Unknown	6537670	0.0745458604273	0.0744716826456	0.0740548873446	0.993908435105
All	Xinjiang	6537670	0.0745458604273	0.0717994692602	0.0712883829866	0.974420430023
All	Yunnan	6537670	0.0745458604273	0.0665459653298	0.0680630576719	0.966359732362
All	Zhejiang	6537670	0.0745458604273	0.0752002591818	0.0737980542991	0.985651704052
Anhui	Anhui	6537670	0.0738351740487	0.0738351740487	0.0738351740487	1.0
Anhui	Beijing	6537670	0.0738351740487	0.0691302453694	0.0695327638379	0.973248609071
Anhui	Chongqing	6537670	0.0738351740487	0.0721805073951	0.0710974129725	0.973895101707
Anhui	Fujian	6537670	0.0738351740487	0.0723060762315	0.0692107637021	0.947228142519
Anhui	Gansu	6537670	0.0738351740487	0.0659470617899	0.0659557382944	0.945198903741
Anhui	Guangdong	6537670	0.0738351740487	0.0744505084764	0.0712458222245	0.960934790638
Anhui	Guangxi	6537670	0.0738351740487	0.0753451362063	0.0719334220696	0.96443165985
Anhui	Guizhou	6537670	0.0738351740487	0.0733505328563	0.0714030766576	0.9702499684
Anhui	Hainan	6537670	0.0738351740487	0.0717048760597	0.0257859457497	0.354386417499
Anhui	Hebei	6537670	0.0738351740487	0.0691491653138	0.0694948716164	0.972585150345
Anhui	Heilongjiang	6537670	0.0738351740487	0.0757963302092	0.072076121962	0.9634643963
Anhui	Henan	6537670	0.0738351740487	0.0738975119217	0.0721710926512	0.977049846515
Anhui	Hubei	6537670	0.0738351740487	0.071462669623	0.0694643981532	0.956293068261
Anhui	Hunan	6537670	0.0738351740487	0.0723096448459	0.0710425364429	0.972274046488
Anhui	Inner_Mongolia	6537670	0.0738351740487	0.0737281002597	0.0714715945417	0.968691074281
Anhui	Jiangsu	6537670	0.0738351740487	0.0740224628586	0.0722718264581	0.977587440858
Anhui	Jiangxi	6537670	0.0738351740487	0.0748123772722	0.0721553930668	0.9708461612
Anhui	Jilin	6537670	0.0738351740487	0.0740782487049	0.0715537181809	0.967509418265
Anhui	Korea	6537670	0.0738351740487	0.0720357242214	0.0626678735652	0.859289180803
Anhui	Liaoning	6537670	0.0738351740487	0.0740633235568	0.0722448075556	0.976952365085
Anhui	Ningxia	6537670	0.0738351740487	0.0755540403614	0.0712845457625	0.954409795783
Anhui	Qinghai	6537670	0.0738351740487	0.0721777207464	0.0692719824267	0.948908601048
Anhui	Shaanxi	6537670	0.0738351740487	0.068943122836	0.0694086856148	0.972829413866
Anhui	Shandong	6537670	0.0738351740487	0.0745339616991	0.0725502370223	0.977980242717
Anhui	Shanghai	6537670	0.0738351740487	0.073986677788	0.072051559916	0.974843663011
Anhui	Shanxi	6537670	0.0738351740487	0.0726580543496	0.0708629540357	0.967488294196
Anhui	Sichuan	6537670	0.0738351740487	0.0707305970887	0.0702324865534	0.9718578145
Anhui	Taiwan	6537670	0.0738351740487	0.0742096072577	0.071500531562	0.965934220975
Anhui	Tianjin	6537670	0.0738351740487	0.0704220904498	0.0701262313266	0.972510708487
Anhui	Unknown	6537670	0.0738351740487	0.0744716826456	0.0722319970237	0.974097407149
Anhui	Xinjiang	6537670	0.0738351740487	0.0717994692602	0.0699239730418	0.960359481002
Anhui	Yunnan	6537670	0.0738351740487	0.0665459653298	0.0669294349536	0.954826892535
Anhui	Zhejiang	6537670	0.0738351740487	0.0752002591818	0.0724364572783	0.972111053833
Beijing	Beijing	6537670	0.0691302453694	0.0691302453694	0.0691302453694	1.0
Beijing	Chongqing	6537670	0.0691302453694	0.0721805073951	0.0698280278209	0.988520685763
Beijing	Fujian	6537670	0.0691302453694	0.0723060762315	0.0673617021749	0.952777749446
Beijing	Gansu	6537670	0.0691302453694	0.0659470617899	0.0644115624507	0.953964161732
Beijing	Guangdong	6537670	0.0691302453694	0.0744505084764	0.0695098148911	0.968898422183
Beijing	Guangxi	6537670	0.0691302453694	0.0753451362063	0.0703025987404	0.974113851104
Beijing	Guizhou	6537670	0.0691302453694	0.0733505328563	0.0698553833827	0.980989129138
Beijing	Hainan	6537670	0.0691302453694	0.0717048760597	0.0249517758173	0.354399471744
Beijing	Hebei	6537670	0.0691302453694	0.0691491653138	0.0683577360224	0.988690020076
Beijing	Heilongjiang	6537670	0.0691302453694	0.0757963302092	0.0704395643275	0.973102352377
Beijing	Henan	6537670	0.0691302453694	0.0738975119217	0.0707001346231	0.989170790449
Beijing	Hubei	6537670	0.0691302453694	0.071462669623	0.0677254375941	0.963558645842
Beijing	Hunan	6537670	0.0691302453694	0.0723096448459	0.0697450838242	0.986464446141
Beijing	Inner_Mongolia	6537670	0.0691302453694	0.0737281002597	0.0698897391198	0.978955269328
Beijing	Jiangsu	6537670	0.0691302453694	0.0740224628586	0.0707976282601	0.989698459784
Beijing	Jiangxi	6537670	0.0691302453694	0.0748123772722	0.0705283108563	0.980714747023
Beijing	Jilin	6537670	0.0691302453694	0.0740782487049	0.0698849842197	0.97657245156
Beijing	Korea	6537670	0.0691302453694	0.0720357242214	0.0610260370903	0.864783024819
Beijing	Liaoning	6537670	0.0691302453694	0.0740633235568	0.0706922899528	0.987953268711
Beijing	Ningxia	6537670	0.0691302453694	0.0755540403614	0.0695672531692	0.962591361015
Beijing	Qinghai	6537670	0.0691302453694	0.0721777207464	0.0676653076169	0.957922621971
Beijing	Shaanxi	6537670	0.0691302453694	0.068943122836	0.0681791783707	0.987579891306
Beijing	Shandong	6537670	0.0691302453694	0.0745339616991	0.0710434919483	0.989721826035
Beijing	Shanghai	6537670	0.0691302453694	0.073986677788	0.0703326928872	0.983436750028
Beijing	Shanxi	6537670	0.0691302453694	0.0726580543496	0.0692283798587	0.976805816024
Beijing	Sichuan	6537670	0.0691302453694	0.0707305970887	0.0690115124649	0.986924281713
Beijing	Taiwan	6537670	0.0691302453694	0.0742096072577	0.0697951665127	0.974453751558
Beijing	Tianjin	6537670	0.0691302453694	0.0704220904498	0.0689139369735	0.987685222015
Beijing	Unknown	6537670	0.0691302453694	0.0744716826456	0.0706391734676	0.984500580486
Beijing	Xinjiang	6537670	0.0691302453694	0.0717994692602	0.0683722913176	0.970477493888
Beijing	Yunnan	6537670	0.0691302453694	0.0665459653298	0.0653227845374	0.963096435266
Beijing	Zhejiang	6537670	0.0691302453694	0.0752002591818	0.0706401757158	0.979733713996
Chongqing	Chongqing	6537670	0.0721805073951	0.0721805073951	0.0721805073951	1.0
Chongqing	Fujian	6537670	0.0721805073951	0.0723060762315	0.0690301477752	0.955523649479
Chongqing	Gansu	6537670	0.0721805073951	0.0659470617899	0.0657922710468	0.953602074446
Chongqing	Guangdong	6537670	0.0721805073951	0.0744505084764	0.0713953354039	0.973926176763
Chongqing	Guangxi	6537670	0.0721805073951	0.0753451362063	0.0724084025971	0.981864120294
Chongqing	Guizhou	6537670	0.0721805073951	0.0733505328563	0.0716552533118	0.984773682382
Chongqing	Hainan	6537670	0.0721805073951	0.0717048760597	0.0255563399772	0.355233853417
Chongqing	Hebei	6537670	0.0721805073951	0.0691491653138	0.0697891221645	0.987834748955
Chongqing	Heilongjiang	6537670	0.0721805073951	0.0757963302092	0.0719347505917	0.972533762653
Chongqing	Henan	6537670	0.0721805073951	0.0738975119217	0.0722101308819	0.988719862261
Chongqing	Hubei	6537670	0.0721805073951	0.071462669623	0.0693370269162	0.965418534626
Chongqing	Hunan	6537670	0.0721805073951	0.0723096448459	0.0715072385123	0.989787414057
Chongqing	Inner_Mongolia	6537670	0.0721805073951	0.0737281002597	0.0713573882186	0.978165764843
Chongqing	Jiangsu	6537670	0.0721805073951	0.0740224628586	0.0723682896002	0.990048745162
Chongqing	Jiangxi	6537670	0.0721805073951	0.0748123772722	0.0723132799038	0.984059520225
Chongqing	Jilin	6537670	0.0721805073951	0.0740782487049	0.071356029421	0.975832677829
Chongqing	Korea	6537670	0.0721805073951	0.0720357242214	0.0622988804782	0.863965327269
Chongqing	Liaoning	6537670	0.0721805073951	0.0740633235568	0.0721961391997	0.987421114829
Chongqing	Ningxia	6537670	0.0721805073951	0.0755540403614	0.0710762215092	0.962466273367
Chongqing	Qinghai	6537670	0.0721805073951	0.0721777207464	0.0691273571734	0.957719668304
Chongqing	Shaanxi	6537670	0.0721805073951	0.068943122836	0.0696812000871	0.987779891311
Chongqing	Shandong	6537670	0.0721805073951	0.0745339616991	0.0725469222254	0.989081147788
Chongqing	Shanghai	6537670	0.0721805073951	0.073986677788	0.0719423920645	0.984460159576
Chongqing	Shanxi	6537670	0.0721805073951	0.0726580543496	0.0707128732698	0.976442416659
Chongqing	Sichuan	6537670	0.0721805073951	0.0707305970887	0.0707076887885	0.989584796312
Chongqing	Taiwan	6537670	0.0721805073951	0.0742096072577	0.071595328897	0.978238287138
Chongqing	Tianjin	6537670	0.0721805073951	0.0704220904498	0.0703583691713	0.986850448302
Chongqing	Unknown	6537670	0.0721805073951	0.0744716826456	0.0722530974488	0.985487048777
Chongqing	Xinjiang	6537670	0.0721805073951	0.0717994692602	0.0698636825748	0.970467267103
Chongqing	Yunnan	6537670	0.0721805073951	0.0665459653298	0.0669213486434	0.965592434913
Chongqing	Zhejiang	6537670	0.0721805073951	0.0752002591818	0.072336467489	0.981833084753
Fujian	Fujian	6537670	0.0723060762315	0.0723060762315	0.0723060762315	1.0
Fujian	Gansu	6537670	0.0723060762315	0.0659470617899	0.0640397218089	0.927394068647
Fujian	Guangdong	6537670	0.0723060762315	0.0744505084764	0.0693960775497	0.945831322587
Fujian	Guangxi	6537670	0.0723060762315	0.0753451362063	0.0701454198033	0.950351599945
Fujian	Guizhou	6537670	0.0723060762315	0.0733505328563	0.0693974256137	0.952915357251
Fujian	Hainan	6537670	0.0723060762315	0.0717048760597	0.0252974150334	0.351329327044
Fujian	Hebei	6537670	0.0723060762315	0.0691491653138	0.0672552377412	0.951141746692
Fujian	Heilongjiang	6537670	0.0723060762315	0.0757963302092	0.0698429001124	0.943432379399
Fujian	Henan	6537670	0.0723060762315	0.0738975119217	0.0698662520163	0.955795850242
Fujian	Hubei	6537670	0.0723060762315	0.071462669623	0.0675288649784	0.939425695099
Fujian	Hunan	6537670	0.0723060762315	0.0723096448459	0.0690289797813	0.954653882553
Fujian	Inner_Mongolia	6537670	0.0723060762315	0.0737281002597	0.0692095855005	0.947899576118
Fujian	Jiangsu	6537670	0.0723060762315	0.0740224628586	0.070004869748	0.956883551252
Fujian	Jiangxi	6537670	0.0723060762315	0.0748123772722	0.0701190523146	0.953370946316
Fujian	Jilin	6537670	0.0723060762315	0.0740782487049	0.0693219886598	0.947192525564
Fujian	Korea	6537670	0.0723060762315	0.0720357242214	0.0609910985288	0.845094149024
Fujian	Liaoning	6537670	0.0723060762315	0.0740633235568	0.069934437003	0.955657092257
Fujian	Ningxia	6537670	0.0723060762315	0.0755540403614	0.0691409377105	0.935446643483
Fujian	Qinghai	6537670	0.0723060762315	0.0721777207464	0.0671897243501	0.930066239519
Fujian	Shaanxi	6537670	0.0723060762315	0.068943122836	0.0672149771534	0.95199174471
Fujian	Shandong	6537670	0.0723060762315	0.0745339616991	0.0702088294011	0.956372834859
Fujian	Shanghai	6537670	0.0723060762315	0.073986677788	0.069888030079	0.955517484891
Fujian	Shanxi	6537670	0.0723060762315	0.0726580543496	0.0686291167859	0.9468455239
Fujian	Sichuan	6537670	0.0723060762315	0.0707305970887	0.068185263913	0.953453387955
Fujian	Taiwan	6537670	0.0723060762315	0.0742096072577	0.0695966163692	0.950102939549
Fujian	Tianjin	6537670	0.0723060762315	0.0704220904498	0.0678827639944	0.951300365287
Fujian	Unknown	6537670	0.0723060762315	0.0744716826456	0.0700136125125	0.954112324995
Fujian	Xinjiang	6537670	0.0723060762315	0.0717994692602	0.0677847976645	0.940771797657
Fujian	Yunnan	6537670	0.0723060762315	0.0665459653298	0.0650723303782	0.93809775786
Fujian	Zhejiang	6537670	0.0723060762315	0.0752002591818	0.0703545068421	0.954102111746
Gansu	Gansu	6537670	0.0659470617899	0.0659470617899	0.0659470617899	1.0
Gansu	Guangdong	6537670	0.0659470617899	0.0744505084764	0.0659028099575	0.94052939398
Gansu	Guangxi	6537670	0.0659470617899	0.0753451362063	0.0665071863254	0.943502897663
Gansu	Guizhou	6537670	0.0659470617899	0.0733505328563	0.0661123806964	0.950568534739
Gansu	Hainan	6537670	0.0659470617899	0.0717048760597	0.023913454631	0.34775249167
Gansu	Hebei	6537670	0.0659470617899	0.0691491653138	0.0643797469048	0.953362507398
Gansu	Heilongjiang	6537670	0.0659470617899	0.0757963302092	0.0668390451617	0.945384379379
Gansu	Henan	6537670	0.0659470617899	0.0738975119217	0.0668197913152	0.957177500451
Gansu	Hubei	6537670	0.0659470617899	0.071462669623	0.0643428952746	0.937266847818
Gansu	Hunan	6537670	0.0659470617899	0.0723096448459	0.0656805516965	0.951132348424
Gansu	Inner_Mongolia	6537670	0.0659470617899	0.0737281002597	0.0662749265546	0.950462546522
Gansu	Jiangsu	6537670	0.0659470617899	0.0740224628586	0.0668611761895	0.956961622685
Gansu	Jiangxi	6537670	0.0659470617899	0.0748123772722	0.0667596586787	0.950450830679
Gansu	Jilin	6537670	0.0659470617899	0.0740782487049	0.0662714252469	0.948163498109
Gansu	Korea	6537670	0.0659470617899	0.0720357242214	0.0583621376774	0.846758377385
Gansu	Liaoning	6537670	0.0659470617899	0.0740633235568	0.0668441184098	0.956453533711
Gansu	Ningxia	6537670	0.0659470617899	0.0755540403614	0.0661393135243	0.936986018916
Gansu	Qinghai	6537670	0.0659470617899	0.0721777207464	0.0644022336108	0.933472703165
Gansu	Shaanxi	6537670	0.0659470617899	0.068943122836	0.0643207777431	0.953911503522
Gansu	Shandong	6537670	0.0659470617899	0.0745339616991	0.0671310909662	0.957522255073
Gansu	Shanghai	6537670	0.0659470617899	0.073986677788	0.0665460657118	0.952681859802
Gansu	Shanxi	6537670	0.0659470617899	0.0726580543496	0.0656750988938	0.948770402253
Gansu	Sichuan	6537670	0.0659470617899	0.0707305970887	0.0649988491683	0.951709226863
Gansu	Taiwan	6537670	0.0659470617899	0.0742096072577	0.0661192235322	0.945148289872
Gansu	Tianjin	6537670	0.0659470617899	0.0704220904498	0.0649857011352	0.953598649149
Gansu	Unknown	6537670	0.0659470617899	0.0744716826456	0.0667514749222	0.952505643562
Gansu	Xinjiang	6537670	0.0659470617899	0.0717994692602	0.0649480295598	0.943860121455
Gansu	Yunnan	6537670	0.0659470617899	0.0665459653298	0.0620488218232	0.936644849879
Gansu	Zhejiang	6537670	0.0659470617899	0.0752002591818	0.0668918555662	0.949873669702
Guangdong	Guangdong	6537670	0.0744505084764	0.0744505084764	0.0744505084764	1.0
Guangdong	Guangxi	6537670	0.0744505084764	0.0753451362063	0.072812019936	0.97216869926
Guangdong	Guizhou	6537670	0.0744505084764	0.0733505328563	0.0717817672475	0.971356555898
Guangdong	Hainan	6537670	0.0744505084764	0.0717048760597	0.025961731825	0.355324767604
Guangdong	Hebei	6537670	0.0744505084764	0.0691491653138	0.0693923277358	0.967128431394
Guangdong	Heilongjiang	6537670	0.0744505084764	0.0757963302092	0.071988091365	0.958302752382
Guangdong	Henan	6537670	0.0744505084764	0.0738975119217	0.0720885439168	0.971890889949
Guangdong	Hubei	6537670	0.0744505084764	0.071462669623	0.0695525895058	0.953542054452
Guangdong	Hunan	6537670	0.0744505084764	0.0723096448459	0.0713582650625	0.972550886663
Guangdong	Inner_Mongolia	6537670	0.0744505084764	0.0737281002597	0.0713699798028	0.96330811297
Guangdong	Jiangsu	6537670	0.0744505084764	0.0740224628586	0.0722515846004	0.973266503879
Guangdong	Jiangxi	6537670	0.0744505084764	0.0748123772722	0.0724991352691	0.971431685327
Guangdong	Jilin	6537670	0.0744505084764	0.0740782487049	0.0714053413344	0.961504922829
Guangdong	Korea	6537670	0.0744505084764	0.0720357242214	0.0625680193095	0.854367283429
Guangdong	Liaoning	6537670	0.0744505084764	0.0740633235568	0.0721205703117	0.971233647658
Guangdong	Ningxia	6537670	0.0744505084764	0.0755540403614	0.0712129739462	0.949503219911
Guangdong	Qinghai	6537670	0.0744505084764	0.0721777207464	0.0692420031447	0.944570129147
Guangdong	Shaanxi	6537670	0.0744505084764	0.068943122836	0.0693870521958	0.968498891113
Guangdong	Shandong	6537670	0.0744505084764	0.0745339616991	0.0724290291296	0.972303226063
Guangdong	Shanghai	6537670	0.0744505084764	0.073986677788	0.072024251279	0.970438806086
Guangdong	Shanxi	6537670	0.0744505084764	0.0726580543496	0.0707418047867	0.961834651994
Guangdong	Sichuan	6537670	0.0744505084764	0.0707305970887	0.0704912803425	0.971399560254
Guangdong	Taiwan	6537670	0.0744505084764	0.0742096072577	0.071888419691	0.967152672046
Guangdong	Tianjin	6537670	0.0744505084764	0.0704220904498	0.070045455479	0.96736790227
Guangdong	Unknown	6537670	0.0744505084764	0.0744716826456	0.0722469462628	0.970264356827
Guangdong	Xinjiang	6537670	0.0744505084764	0.0717994692602	0.0699321438075	0.956494310117
Guangdong	Yunnan	6537670	0.0744505084764	0.0665459653298	0.0670854770494	0.953089782165
Guangdong	Zhejiang	6537670	0.0744505084764	0.0752002591818	0.072504456418	0.968994245805
Guangxi	Guangxi	6537670	0.0753451362063	0.0753451362063	0.0753451362063	1.0
Guangxi	Guizhou	6537670	0.0753451362063	0.0733505328563	0.0728219619918	0.979564703628
Guangxi	Hainan	6537670	0.0753451362063	0.0717048760597	0.0262984530569	0.35779004026
Guangxi	Hebei	6537670	0.0753451362063	0.0691491653138	0.0701264591831	0.971540319641
Guangxi	Heilongjiang	6537670	0.0753451362063	0.0757963302092	0.0726932907477	0.961928137704
Guangxi	Henan	6537670	0.0753451362063	0.0738975119217	0.0729105921551	0.977120457875
Guangxi	Hubei	6537670	0.0753451362063	0.071462669623	0.0702818546546	0.957802539747
Guangxi	Hunan	6537670	0.0753451362063	0.0723096448459	0.0723292517341	0.979914641629
Guangxi	Inner_Mongolia	6537670	0.0753451362063	0.0737281002597	0.072100329086	0.967371111555
Guangxi	Jiangsu	6537670	0.0753451362063	0.0740224628586	0.073116710346	0.979055399582
Guangxi	Jiangxi	6537670	0.0753451362063	0.0748123772722	0.0735006722387	0.978987107136
Guangxi	Jilin	6537670	0.0753451362063	0.0740782487049	0.0720966773202	0.965033268945
Guangxi	Korea	6537670	0.0753451362063	0.0720357242214	0.0630406646754	0.85569542295
Guangxi	Liaoning	6537670	0.0753451362063	0.0740633235568	0.0729111273981	0.976033230254
Guangxi	Ningxia	6537670	0.0753451362063	0.0755540403614	0.0718827144377	0.952725985076
Guangxi	Qinghai	6537670	0.0753451362063	0.0721777207464	0.0699142526368	0.948061534844
Guangxi	Shaanxi	6537670	0.0753451362063	0.068943122836	0.070167491349	0.973560315992
Guangxi	Shandong	6537670	0.0753451362063	0.0745339616991	0.0732506896062	0.97747802698
Guangxi	Shanghai	6537670	0.0753451362063	0.073986677788	0.0728280216701	0.975425574864
Guangxi	Shanxi	6537670	0.0753451362063	0.0726580543496	0.0714487748285	0.965662336191
Guangxi	Sichuan	6537670	0.0753451362063	0.0707305970887	0.0714427722924	0.978649154944
Guangxi	Taiwan	6537670	0.0753451362063	0.0742096072577	0.0728478459472	0.974224476923
Guangxi	Tianjin	6537670	0.0753451362063	0.0704220904498	0.0707792255563	0.97168106296
Guangxi	Unknown	6537670	0.0753451362063	0.0744716826456	0.0731081267298	0.975983468549
Guangxi	Xinjiang	6537670	0.0753451362063	0.0717994692602	0.0706904247307	0.961108377755
Guangxi	Yunnan	6537670	0.0753451362063	0.0665459653298	0.0678405739413	0.958078374727
Guangxi	Zhejiang	6537670	0.0753451362063	0.0752002591818	0.0733389747206	0.974310884656
Guizhou	Guizhou	6537670	0.0733505328563	0.0733505328563	0.0733505328563	1.0
Guizhou	Hainan	6537670	0.0733505328563	0.0717048760597	0.0258708780903	0.356726348347
Guizhou	Hebei	6537670	0.0733505328563	0.0691491653138	0.0697701280449	0.979657826359
Guizhou	Heilongjiang	6537670	0.0733505328563	0.0757963302092	0.0722703478907	0.969246896696
Guizhou	Henan	6537670	0.0733505328563	0.0738975119217	0.0724331472741	0.983831698885
Guizhou	Hubei	6537670	0.0733505328563	0.071462669623	0.0696758115585	0.962367130498
Guizhou	Hunan	6537670	0.0733505328563	0.0723096448459	0.0715523945865	0.982481591187
Guizhou	Inner_Mongolia	6537670	0.0733505328563	0.0737281002597	0.0716773964331	0.974684508485
Guizhou	Jiangsu	6537670	0.0733505328563	0.0740224628586	0.0725708473904	0.984869736151
Guizhou	Jiangxi	6537670	0.0733505328563	0.0748123772722	0.0726594013527	0.980851930368
Guizhou	Jilin	6537670	0.0733505328563	0.0740782487049	0.0716729699111	0.972318190645
Guizhou	Korea	6537670	0.0733505328563	0.0720357242214	0.0626928649187	0.862467058882
Guizhou	Liaoning	6537670	0.0733505328563	0.0740633235568	0.0724459330213	0.98290325886
Guizhou	Ningxia	6537670	0.0733505328563	0.0755540403614	0.0714364007611	0.959597441871
Guizhou	Qinghai	6537670	0.0733505328563	0.0721777207464	0.0694936218242	0.955084348656
Guizhou	Shaanxi	6537670	0.0733505328563	0.068943122836	0.0697349593339	0.980626081251
Guizhou	Shandong	6537670	0.0733505328563	0.0745339616991	0.072777301814	0.984276714173
Guizhou	Shanghai	6537670	0.0733505328563	0.073986677788	0.0722200032239	0.980345373337
Guizhou	Shanxi	6537670	0.0733505328563	0.0726580543496	0.0710288354568	0.97295146362
Guizhou	Sichuan	6537670	0.0733505328563	0.0707305970887	0.0707490274552	0.982234480358
Guizhou	Taiwan	6537670	0.0733505328563	0.0742096072577	0.0719603988873	0.975353078105
Guizhou	Tianjin	6537670	0.0733505328563	0.0704220904498	0.0704079595686	0.979638096202
Guizhou	Unknown	6537670	0.0733505328563	0.0744716826456	0.0725014499865	0.980955874747
Guizhou	Xinjiang	6537670	0.0733505328563	0.0717994692602	0.0702043306502	0.96739012413
Guizhou	Yunnan	6537670	0.0733505328563	0.0665459653298	0.0672230237795	0.962178265435
Guizhou	Zhejiang	6537670	0.0733505328563	0.0752002591818	0.0726551938767	0.978262398216
Hainan	Hainan	6537670	0.0717048760597	0.0717048760597	0.0717048760597	1.0
Hainan	Hebei	6537670	0.0717048760597	0.0691491653138	0.0247773297738	0.351873600817
Hainan	Heilongjiang	6537670	0.0717048760597	0.0757963302092	0.0260478405914	0.35332412418
Hainan	Henan	6537670	0.0717048760597	0.0738975119217	0.025967014464	0.356724359615
Hainan	Hubei	6537670	0.0717048760597	0.071462669623	0.0252343382386	0.352515288709
Hainan	Hunan	6537670	0.0717048760597	0.0723096448459	0.0255034996167	0.354182680074
Hainan	Inner_Mongolia	6537670	0.0717048760597	0.0737281002597	0.025809430971	0.354966659097
Hainan	Jiangsu	6537670	0.0717048760597	0.0740224628586	0.0259898870916	0.356737104246
Hainan	Jiangxi	6537670	0.0717048760597	0.0748123772722	0.0261620664242	0.357199606338
Hainan	Jilin	6537670	0.0717048760597	0.0740782487049	0.0258261670343	0.354356380917
Hainan	Korea	6537670	0.0717048760597	0.0720357242214	0.0238311966541	0.331587035738
Hainan	Liaoning	6537670	0.0717048760597	0.0740633235568	0.0259962843587	0.356726469471
Hainan	Ningxia	6537670	0.0717048760597	0.0755540403614	0.0259049538963	0.35194891611
Hainan	Qinghai	6537670	0.0717048760597	0.0721777207464	0.0252344922257	0.350766931543
Hainan	Shaanxi	6537670	0.0717048760597	0.068943122836	0.0248339509348	0.353204313197
Hainan	Shandong	6537670	0.0717048760597	0.0745339616991	0.0260955979887	0.356956919981
Hainan	Shanghai	6537670	0.0717048760597	0.073986677788	0.0259747398028	0.356615403265
Hainan	Shanxi	6537670	0.0717048760597	0.0726580543496	0.025575395275	0.35432853435
Hainan	Sichuan	6537670	0.0717048760597	0.0707305970887	0.0251751462467	0.353503725618
Hainan	Taiwan	6537670	0.0717048760597	0.0742096072577	0.0259601825363	0.35587979401
Hainan	Tianjin	6537670	0.0717048760597	0.0704220904498	0.0250543967962	0.352577951459
Hainan	Unknown	6537670	0.0717048760597	0.0744716826456	0.0259636320671	0.355300254069
Hainan	Xinjiang	6537670	0.0717048760597	0.0717994692602	0.0253616797184	0.353462261672
Hainan	Yunnan	6537670	0.0717048760597	0.0665459653298	0.0242392873627	0.350901025912
Hainan	Zhejiang	6537670	0.0717048760597	0.0752002591818	0.0261809153878	0.356533886773
Hebei	Hebei	6537670	0.0691491653138	0.0691491653138	0.0691491653138	1.0
Hebei	Heilongjiang	6537670	0.0691491653138	0.0757963302092	0.0704125963741	0.972596714151
Hebei	Henan	6537670	0.0691491653138	0.0738975119217	0.0706734537317	0.988662214141
Hebei	Hubei	6537670	0.0691491653138	0.071462669623	0.0676816862372	0.96280443287
Hebei	Hunan	6537670	0.0691491653138	0.0723096448459	0.0697031045337	0.985735815525
Hebei	Inner_Mongolia	6537670	0.0691491653138	0.0737281002597	0.0698695768824	0.978538957281
Hebei	Jiangsu	6537670	0.0691491653138	0.0740224628586	0.0707520967063	0.988926644177
Hebei	Jiangxi	6537670	0.0691491653138	0.0748123772722	0.0704182987786	0.979051033234
Hebei	Jilin	6537670	0.0691491653138	0.0740782487049	0.0698567656381	0.976044569753
Hebei	Korea	6537670	0.0691491653138	0.0720357242214	0.0610064771662	0.864387569495
Hebei	Liaoning	6537670	0.0691491653138	0.0740633235568	0.0706594162316	0.987358741564
Hebei	Ningxia	6537670	0.0691491653138	0.0755540403614	0.0695415526684	0.962104099192
Hebei	Qinghai	6537670	0.0691491653138	0.0721777207464	0.0676456426925	0.957513210268
Hebei	Shaanxi	6537670	0.0691491653138	0.068943122836	0.0682256852414	0.988118338822
Hebei	Shandong	6537670	0.0691491653138	0.0745339616991	0.0710043464022	0.989041147358
Hebei	Shanghai	6537670	0.0691491653138	0.073986677788	0.07026129234	0.982303969884
Hebei	Shanxi	6537670	0.0691491653138	0.0726580543496	0.069223726566	0.976606526139
Hebei	Sichuan	6537670	0.0691491653138	0.0707305970887	0.0689903082212	0.986486058478
Hebei	Taiwan	6537670	0.0691491653138	0.0742096072577	0.0696772492589	0.972674341084
Hebei	Tianjin	6537670	0.0691491653138	0.0704220904498	0.0689660419273	0.9882967663
Hebei	Unknown	6537670	0.0691491653138	0.0744716826456	0.0705816808807	0.983564719848
Hebei	Xinjiang	6537670	0.0691491653138	0.0717994692602	0.0683455671118	0.969965446395
Hebei	Yunnan	6537670	0.0691491653138	0.0665459653298	0.0653096243983	0.962770667586
Hebei	Zhejiang	6537670	0.0691491653138	0.0752002591818	0.0705644636485	0.978549738146
Heilongjiang	Heilongjiang	6537670	0.0757963302092	0.0757963302092	0.0757963302092	1.0
Heilongjiang	Henan	6537670	0.0757963302092	0.0738975119217	0.07313659257	0.977227601578
Heilongjiang	Hubei	6537670	0.0757963302092	0.071462669623	0.0702226847124	0.954143555986
Heilongjiang	Hunan	6537670	0.0757963302092	0.0723096448459	0.0717886351199	0.969691285319
Heilongjiang	Inner_Mongolia	6537670	0.0757963302092	0.0737281002597	0.0724668720385	0.96939082388
Heilongjiang	Jiangsu	6537670	0.0757963302092	0.0740224628586	0.0731953622954	0.977187065496
Heilongjiang	Jiangxi	6537670	0.0757963302092	0.0748123772722	0.0730265599736	0.969772859988
Heilongjiang	Jilin	6537670	0.0757963302092	0.0740782487049	0.0724597332977	0.967001813028
Heilongjiang	Korea	6537670	0.0757963302092	0.0720357242214	0.063554177191	0.860094256401
Heilongjiang	Liaoning	6537670	0.0757963302092	0.0740633235568	0.0731757167008	0.976655267395
Heilongjiang	Ningxia	6537670	0.0757963302092	0.0755540403614	0.0722174084331	0.954308875466
Heilongjiang	Qinghai	6537670	0.0757963302092	0.0721777207464	0.0702652589324	0.949981131916
Heilongjiang	Shaanxi	6537670	0.0757963302092	0.068943122836	0.070324493712	0.97283021098
Heilongjiang	Shandong	6537670	0.0757963302092	0.0745339616991	0.0735122866967	0.978044780555
Heilongjiang	Shanghai	6537670	0.0757963302092	0.073986677788	0.0728001268836	0.972145529404
Heilongjiang	Shanxi	6537670	0.0757963302092	0.0726580543496	0.071805813901	0.967595049203
Heilongjiang	Sichuan	6537670	0.0757963302092	0.0707305970887	0.0710359714647	0.970176101532
Heilongjiang	Taiwan	6537670	0.0757963302092	0.0742096072577	0.0722861323719	0.963830871287
Heilongjiang	Tianjin	6537670	0.0757963302092	0.0704220904498	0.0710642617721	0.972686084782
Heilongjiang	Unknown	6537670	0.0757963302092	0.0744716826456	0.0730774202643	0.972665551421
Heilongjiang	Xinjiang	6537670	0.0757963302092	0.0717994692602	0.0709141533891	0.961276257594
Heilongjiang	Yunnan	6537670	0.0757963302092	0.0665459653298	0.0676611943766	0.952696797971
Heilongjiang	Zhejiang	6537670	0.0757963302092	0.0752002591818	0.0731501539861	0.968905645501
Henan	Henan	6537670	0.0738975119217	0.0738975119217	0.0738975119217	1.0
Henan	Hubei	6537670	0.0738975119217	0.071462669623	0.0702588163	0.966821506444
Henan	Hunan	6537670	0.0738975119217	0.0723096448459	0.0720564778853	0.985734615425
Henan	Inner_Mongolia	6537670	0.0738975119217	0.0737281002597	0.0725897548917	0.983431013318
Henan	Jiangsu	6537670	0.0738975119217	0.0740224628586	0.0734898467778	0.993643665858
Henan	Jiangxi	6537670	0.0738975119217	0.0748123772722	0.0731948133134	0.984416017815
Henan	Jilin	6537670	0.0738975119217	0.0740782487049	0.0725744264864	0.980896875442
Henan	Korea	6537670	0.0738975119217	0.0720357242214	0.0633974434229	0.868926161886
Henan	Liaoning	6537670	0.0738975119217	0.0740633235568	0.0734375285464	0.992662340978
Henan	Ningxia	6537670	0.0738975119217	0.0755540403614	0.0722334724295	0.966706720651
Henan	Qinghai	6537670	0.0738975119217	0.0721777207464	0.0702674416533	0.962138629562
Henan	Shaanxi	6537670	0.0738975119217	0.068943122836	0.0705473399227	0.988371602714
Henan	Shandong	6537670	0.0738975119217	0.0745339616991	0.0738178753174	0.994648265852
Henan	Shanghai	6537670	0.0738975119217	0.073986677788	0.0730125953694	0.987429539077
Henan	Shanxi	6537670	0.0738975119217	0.0726580543496	0.0719158223837	0.981448828535
Henan	Sichuan	6537670	0.0738975119217	0.0707305970887	0.0712837923997	0.985989355571
Henan	Taiwan	6537670	0.0738975119217	0.0742096072577	0.0724171539949	0.977904575788
Henan	Tianjin	6537670	0.0738975119217	0.0704220904498	0.0712890428088	0.988219499265
Henan	Unknown	6537670	0.0738975119217	0.0744716826456	0.0733357356048	0.988564842739
Henan	Xinjiang	6537670	0.0738975119217	0.0717994692602	0.0709634308533	0.974224571485
Henan	Yunnan	6537670	0.0738975119217	0.0665459653298	0.0677121419987	0.96558559824
Henan	Zhejiang	6537670	0.0738975119217	0.0752002591818	0.073332966022	0.983727186874
Hubei	Hubei	6537670	0.071462669623	0.071462669623	0.071462669623	1.0
Hubei	Hunan	6537670	0.071462669623	0.0723096448459	0.0692894835059	0.96389469886
Hubei	Inner_Mongolia	6537670	0.071462669623	0.0737281002597	0.0696103960627	0.958998581799
Hubei	Jiangsu	6537670	0.071462669623	0.0740224628586	0.070369191472	0.967522732249
Hubei	Jiangxi	6537670	0.071462669623	0.0748123772722	0.0703814445993	0.9625689114
Hubei	Jilin	6537670	0.071462669623	0.0740782487049	0.0696727987725	0.957587096422
Hubei	Korea	6537670	0.071462669623	0.0720357242214	0.0611654755363	0.85249683467
Hubei	Liaoning	6537670	0.071462669623	0.0740633235568	0.0703165440901	0.966532142869
Hubei	Ningxia	6537670	0.071462669623	0.0755540403614	0.0694786386742	0.945546378496
Hubei	Qinghai	6537670	0.071462669623	0.0721777207464	0.0675441796336	0.940473865128
Hubei	Shaanxi	6537670	0.071462669623	0.068943122836	0.0676213158842	0.963381992101
Hubei	Shandong	6537670	0.071462669623	0.0745339616991	0.0706062316112	0.967445061508
Hubei	Shanghai	6537670	0.071462669623	0.073986677788	0.0701401830156	0.964607231346
Hubei	Shanxi	6537670	0.071462669623	0.0726580543496	0.069012662306	0.957739239995
Hubei	Sichuan	6537670	0.071462669623	0.0707305970887	0.0684949693341	0.963419417986
Hubei	Taiwan	6537670	0.071462669623	0.0742096072577	0.0697409235646	0.957674689916
Hubei	Tianjin	6537670	0.071462669623	0.0704220904498	0.0683011665863	0.962795489648
Hubei	Unknown	6537670	0.071462669623	0.0744716826456	0.0703286267352	0.964044177455
Hubei	Xinjiang	6537670	0.071462669623	0.0717994692602	0.0681603932736	0.951550523579
Hubei	Yunnan	6537670	0.071462669623	0.0665459653298	0.065316922752	0.947164109357
Hubei	Zhejiang	6537670	0.071462669623	0.0752002591818	0.0705520824124	0.962410937898
Hunan	Hunan	6537670	0.0723096448459	0.0723096448459	0.0723096448459	1.0
Hunan	Inner_Mongolia	6537670	0.0723096448459	0.0737281002597	0.0712051140853	0.975206417457
Hunan	Jiangsu	6537670	0.0723096448459	0.0740224628586	0.0722272205725	0.987236089693
Hunan	Jiangxi	6537670	0.0723096448459	0.0748123772722	0.0722134300388	0.981822842669
Hunan	Jilin	6537670	0.0723096448459	0.0740782487049	0.0712473369655	0.973475820169
Hunan	Korea	6537670	0.0723096448459	0.0720357242214	0.0621855596414	0.8616233692
Hunan	Liaoning	6537670	0.0723096448459	0.0740633235568	0.0720590526405	0.98466575797
Hunan	Ningxia	6537670	0.0723096448459	0.0755540403614	0.0709547626846	0.959963213123
Hunan	Qinghai	6537670	0.0723096448459	0.0721777207464	0.0689690826803	0.954673249747
Hunan	Shaanxi	6537670	0.0723096448459	0.068943122836	0.0695859863745	0.985548946051
Hunan	Shandong	6537670	0.0723096448459	0.0745339616991	0.0723848418068	0.985989777803
Hunan	Shanghai	6537670	0.0723096448459	0.073986677788	0.0718852310903	0.98279920301
Hunan	Shanxi	6537670	0.0723096448459	0.0726580543496	0.0705778237336	0.97370694244
Hunan	Sichuan	6537670	0.0723096448459	0.0707305970887	0.0706749174546	0.988242514732
Hunan	Taiwan	6537670	0.0723096448459	0.0742096072577	0.0715340904595	0.976528401172
Hunan	Tianjin	6537670	0.0723096448459	0.0704220904498	0.0702649614473	0.984659877169
Hunan	Unknown	6537670	0.0723096448459	0.0744716826456	0.0721627621606	0.983375651107
Hunan	Xinjiang	6537670	0.0723096448459	0.0717994692602	0.0697046923436	0.967393763899
Hunan	Yunnan	6537670	0.0723096448459	0.0665459653298	0.0668765614627	0.964084179722
Hunan	Zhejiang	6537670	0.0723096448459	0.0752002591818	0.0722963885582	0.980412456443
Inner_Mongolia	Inner_Mongolia	6537670	0.0737281002597	0.0737281002597	0.0737281002597	1.0
Inner_Mongolia	Jiangsu	6537670	0.0737281002597	0.0740224628586	0.0726277989902	0.983115618597
Inner_Mongolia	Jiangxi	6537670	0.0737281002597	0.0748123772722	0.0724218343721	0.975138428105
Inner_Mongolia	Jilin	6537670	0.0737281002597	0.0740782487049	0.0718739211007	0.972544458118
Inner_Mongolia	Korea	6537670	0.0737281002597	0.0720357242214	0.0629577006148	0.863889852772
Inner_Mongolia	Liaoning	6537670	0.0737281002597	0.0740633235568	0.0726203457977	0.982743527768
Inner_Mongolia	Ningxia	6537670	0.0737281002597	0.0755540403614	0.0716210194429	0.959610805634
Inner_Mongolia	Qinghai	6537670	0.0737281002597	0.0721777207464	0.0696984743466	0.955443847435
Inner_Mongolia	Shaanxi	6537670	0.0737281002597	0.068943122836	0.0697730414399	0.978646071403
Inner_Mongolia	Shandong	6537670	0.0737281002597	0.0745339616991	0.0729556879013	0.984159597423
Inner_Mongolia	Shanghai	6537670	0.0737281002597	0.073986677788	0.072213511912	0.977744048485
Inner_Mongolia	Shanxi	6537670	0.0737281002597	0.0726580543496	0.0712402402867	0.973345379858
Inner_Mongolia	Sichuan	6537670	0.0737281002597	0.0707305970887	0.0704563925413	0.975663861367
Inner_Mongolia	Taiwan	6537670	0.0737281002597	0.0742096072577	0.0716643079597	0.968849507813
Inner_Mongolia	Tianjin	6537670	0.0737281002597	0.0704220904498	0.0705085643385	0.978522674503
Inner_Mongolia	Unknown	6537670	0.0737281002597	0.0744716826456	0.0725065789537	0.978510092425
Inner_Mongolia	Xinjiang	6537670	0.0737281002597	0.0717994692602	0.0703641126089	0.967105996592
Inner_Mongolia	Yunnan	6537670	0.0737281002597	0.0665459653298	0.06708737667	0.957774838021
Inner_Mongolia	Zhejiang	6537670	0.0737281002597	0.0752002591818	0.0725490784784	0.974329181125
Jiangsu	Jiangsu	6537670	0.0740224628586	0.0740224628586	0.0740224628586	1.0
Jiangsu	Jiangxi	6537670	0.0740224628586	0.0748123772722	0.0733445775771	0.985597330669
Jiangsu	Jilin	6537670	0.0740224628586	0.0740782487049	0.0726363091152	0.98090432519
Jiangsu	Korea	6537670	0.0740224628586	0.0720357242214	0.0634267813859	0.868594239439
Jiangsu	Liaoning	6537670	0.0740224628586	0.0740633235568	0.0735225974763	0.99297308749
Jiangsu	Ningxia	6537670	0.0740224628586	0.0755540403614	0.0722852196932	0.966582422203
Jiangsu	Qinghai	6537670	0.0740224628586	0.0721777207464	0.070296686901	0.961726338092
Jiangsu	Shaanxi	6537670	0.0740224628586	0.068943122836	0.0706267033445	0.98864800444
Jiangsu	Shandong	6537670	0.0740224628586	0.0745339616991	0.0739107448333	0.995058721534
Jiangsu	Shanghai	6537670	0.0740224628586	0.073986677788	0.073140947011	0.988330164329
Jiangsu	Shanxi	6537670	0.0740224628586	0.0726580543496	0.0719686894298	0.981341006483
Jiangsu	Sichuan	6537670	0.0740224628586	0.0707305970887	0.0714277757315	0.987146701846
Jiangsu	Taiwan	6537670	0.0740224628586	0.0742096072577	0.0725768952198	0.979234156336
Jiangsu	Tianjin	6537670	0.0740224628586	0.0704220904498	0.0713627076362	0.988405373686
Jiangsu	Unknown	6537670	0.0740224628586	0.0744716826456	0.0734649323393	0.98947023473
Jiangsu	Xinjiang	6537670	0.0740224628586	0.0717994692602	0.0709990429797	0.973890461777
Jiangsu	Yunnan	6537670	0.0740224628586	0.0665459653298	0.0678023995733	0.966056293316
Jiangsu	Zhejiang	6537670	0.0740224628586	0.0752002591818	0.0734780391922	0.984841008698
Jiangxi	Jiangxi	6537670	0.0748123772722	0.0748123772722	0.0748123772722	1.0
Jiangxi	Jilin	6537670	0.0748123772722	0.0740782487049	0.0724295658933	0.972934942885
Jiangxi	Korea	6537670	0.0748123772722	0.0720357242214	0.0633567922739	0.863043110392
Jiangxi	Liaoning	6537670	0.0748123772722	0.0740633235568	0.0732230383689	0.983692634864
Jiangxi	Ningxia	6537670	0.0748123772722	0.0755540403614	0.0721649680883	0.959866532238
Jiangxi	Qinghai	6537670	0.0748123772722	0.0721777207464	0.0701910915607	0.955198621051
Jiangxi	Shaanxi	6537670	0.0748123772722	0.068943122836	0.0703889564311	0.980104364683
Jiangxi	Shandong	6537670	0.0748123772722	0.0745339616991	0.0735694057619	0.98522044944
Jiangxi	Shanghai	6537670	0.0748123772722	0.073986677788	0.0729890033722	0.981056326228
Jiangxi	Shanxi	6537670	0.0748123772722	0.0726580543496	0.0717740227204	0.973506102208
Jiangxi	Sichuan	6537670	0.0748123772722	0.0707305970887	0.0713760793363	0.981210752715
Jiangxi	Taiwan	6537670	0.0748123772722	0.0742096072577	0.0727247455104	0.976035054988
Jiangxi	Tianjin	6537670	0.0748123772722	0.0704220904498	0.0710727619583	0.979178815257
Jiangxi	Unknown	6537670	0.0748123772722	0.0744716826456	0.0732765782185	0.981709220478
Jiangxi	Xinjiang	6537670	0.0748123772722	0.0717994692602	0.0709005408522	0.96739135826
Jiangxi	Yunnan	6537670	0.0748123772722	0.0665459653298	0.0678369974666	0.961433000751
Jiangxi	Zhejiang	6537670	0.0748123772722	0.0752002591818	0.0734268212115	0.978945086244
Jilin	Jilin	6537670	0.0740782487049	0.0740782487049	0.0740782487049	1.0
Jilin	Korea	6537670	0.0740782487049	0.0720357242214	0.0629829174036	0.862190943828
Jilin	Liaoning	6537670	0.0740782487049	0.0740633235568	0.0726331060345	0.98059046214
Jilin	Ningxia	6537670	0.0740782487049	0.0755540403614	0.0716207412559	0.957336486617
Jilin	Qinghai	6537670	0.0740782487049	0.0721777207464	0.0696514738071	0.952540336142
Jilin	Shaanxi	6537670	0.0740782487049	0.068943122836	0.0697560591066	0.976092797321
Jilin	Shandong	6537670	0.0740782487049	0.0745339616991	0.072956879994	0.981846953365
Jilin	Shanghai	6537670	0.0740782487049	0.073986677788	0.0722858356634	0.976407461234
Jilin	Shanxi	6537670	0.0740782487049	0.0726580543496	0.0712355213542	0.970977959431
Jilin	Sichuan	6537670	0.0740782487049	0.0707305970887	0.0704708544156	0.973555067414
Jilin	Taiwan	6537670	0.0740782487049	0.0742096072577	0.0717141034862	0.967228653457
Jilin	Tianjin	6537670	0.0740782487049	0.0704220904498	0.0704990428022	0.976075497415
Jilin	Unknown	6537670	0.0740782487049	0.0744716826456	0.0725399315629	0.976643816952
Jilin	Xinjiang	6537670	0.0740782487049	0.0717994692602	0.0702966087643	0.963892062869
Jilin	Yunnan	6537670	0.0740782487049	0.0665459653298	0.0671275918693	0.956081356607
Jilin	Zhejiang	6537670	0.0740782487049	0.0752002591818	0.0726350515086	0.973175634345
Korea	Korea	6537670	0.0720357242214	0.0720357242214	0.0720357242214	1.0
Korea	Liaoning	6537670	0.0720357242214	0.0740633235568	0.0634544899371	0.86873395328
Korea	Ningxia	6537670	0.0720357242214	0.0755540403614	0.0629469703195	0.853241600661
Korea	Qinghai	6537670	0.0720357242214	0.0721777207464	0.0613115558813	0.850289452769
Korea	Shaanxi	6537670	0.0720357242214	0.068943122836	0.0609493620765	0.864867794643
Korea	Shandong	6537670	0.0720357242214	0.0745339616991	0.0637125141101	0.869508188853
Korea	Shanghai	6537670	0.0720357242214	0.073986677788	0.0631426337772	0.864912086902
Korea	Shanxi	6537670	0.0720357242214	0.0726580543496	0.0623760190319	0.862187671018
Korea	Sichuan	6537670	0.0720357242214	0.0707305970887	0.0615255853541	0.861942169821
Korea	Taiwan	6537670	0.0720357242214	0.0742096072577	0.0627709368623	0.858528230949
Korea	Tianjin	6537670	0.0720357242214	0.0704220904498	0.0616110360723	0.865027854605
Korea	Unknown	6537670	0.0720357242214	0.0744716826456	0.0633037220161	0.864290419467
Korea	Xinjiang	6537670	0.0720357242214	0.0717994692602	0.0617344309889	0.858406246378
Korea	Yunnan	6537670	0.0720357242214	0.0665459653298	0.0589151511924	0.850926734241
Korea	Zhejiang	6537670	0.0720357242214	0.0752002591818	0.0634846049513	0.862551012569
Liaoning	Liaoning	6537670	0.0740633235568	0.0740633235568	0.0740633235568	1.0
Liaoning	Ningxia	6537670	0.0740633235568	0.0755540403614	0.0722754408796	0.966185029781
Liaoning	Qinghai	6537670	0.0740633235568	0.0721777207464	0.0702848116413	0.961298589362
Liaoning	Shaanxi	6537670	0.0740633235568	0.068943122836	0.0705320267637	0.987050310711
Liaoning	Shandong	6537670	0.0740633235568	0.0745339616991	0.0738580675975	0.994075200166
Liaoning	Shanghai	6537670	0.0740633235568	0.073986677788	0.0730915025373	0.9873895531
Liaoning	Shanxi	6537670	0.0740633235568	0.0726580543496	0.0719571700553	0.98091323546
Liaoning	Sichuan	6537670	0.0740633235568	0.0707305970887	0.0712678081532	0.984664184868
Liaoning	Taiwan	6537670	0.0740633235568	0.0742096072577	0.0724576136	0.977355050112
Liaoning	Tianjin	6537670	0.0740633235568	0.0704220904498	0.0712835469817	0.987036576764
Liaoning	Unknown	6537670	0.0740633235568	0.0744716826456	0.0733995013206	0.988316230473
Liaoning	Xinjiang	6537670	0.0740633235568	0.0717994692602	0.0709707560311	0.973233873608
Liaoning	Yunnan	6537670	0.0740633235568	0.0665459653298	0.0677368681247	0.964856328237
Liaoning	Zhejiang	6537670	0.0740633235568	0.0752002591818	0.0734085514199	0.983638201369
Ningxia	Ningxia	6537670	0.0755540403614	0.0755540403614	0.0755540403614	1.0
Ningxia	Qinghai	6537670	0.0755540403614	0.0721777207464	0.0695360200106	0.941628079785
Ningxia	Shaanxi	6537670	0.0755540403614	0.068943122836	0.0694689110639	0.962534198446
Ningxia	Shandong	6537670	0.0755540403614	0.0745339616991	0.0725931566214	0.967363577736
Ningxia	Shanghai	6537670	0.0755540403614	0.073986677788	0.0719527473572	0.962369323346
Ningxia	Shanxi	6537670	0.0755540403614	0.0726580543496	0.0709729317669	0.957904065759
Ningxia	Sichuan	6537670	0.0755540403614	0.0707305970887	0.0701931180171	0.960200715794
Ningxia	Taiwan	6537670	0.0755540403614	0.0742096072577	0.071463207741	0.954384973362
Ningxia	Tianjin	6537670	0.0755540403614	0.0704220904498	0.070188966958	0.962244743234
Ningxia	Unknown	6537670	0.0755540403614	0.0744716826456	0.0722018899785	0.962551855952
Ningxia	Xinjiang	6537670	0.0755540403614	0.0717994692602	0.0701335402531	0.952217805773
Ningxia	Yunnan	6537670	0.0755540403614	0.0665459653298	0.0669664929745	0.944425802764
Ningxia	Zhejiang	6537670	0.0755540403614	0.0752002591818	0.0723126532541	0.959347130979
Qinghai	Qinghai	6537670	0.0721777207464	0.0721777207464	0.0721777207464	1.0
Qinghai	Shaanxi	6537670	0.0721777207464	0.068943122836	0.0675820824783	0.958041920294
Qinghai	Shandong	6537670	0.0721777207464	0.0745339616991	0.0706018705447	0.96258152685
Qinghai	Shanghai	6537670	0.0721777207464	0.073986677788	0.0699155598772	0.956743443294
Qinghai	Shanxi	6537670	0.0721777207464	0.0726580543496	0.069036922576	0.953318366064
Qinghai	Sichuan	6537670	0.0721777207464	0.0707305970887	0.0682626073039	0.955383261869
Qinghai	Taiwan	6537670	0.0721777207464	0.0742096072577	0.0694819549875	0.949380661627
Qinghai	Tianjin	6537670	0.0721777207464	0.0704220904498	0.068288923024	0.957842769834
Qinghai	Unknown	6537670	0.0721777207464	0.0744716826456	0.0701812523016	0.957246855316
Qinghai	Xinjiang	6537670	0.0721777207464	0.0717994692602	0.068314415792	0.948964923438
Qinghai	Yunnan	6537670	0.0721777207464	0.0665459653298	0.065155030093	0.940124786773
Qinghai	Zhejiang	6537670	0.0721777207464	0.0752002591818	0.0702562188693	0.95361598472
Shaanxi	Shaanxi	6537670	0.068943122836	0.068943122836	0.068943122836	1.0
Shaanxi	Shandong	6537670	0.068943122836	0.0745339616991	0.070875136587	0.988715471974
Shaanxi	Shanghai	6537670	0.068943122836	0.073986677788	0.0701754627228	0.982568972724
Shaanxi	Shanxi	6537670	0.068943122836	0.0726580543496	0.0691505792807	0.977031273018
Shaanxi	Sichuan	6537670	0.068943122836	0.0707305970887	0.0688706999734	0.986246237105
Shaanxi	Taiwan	6537670	0.068943122836	0.0742096072577	0.0696557218981	0.973825752915
Shaanxi	Tianjin	6537670	0.068943122836	0.0704220904498	0.0687751136119	0.98703234447
Shaanxi	Unknown	6537670	0.068943122836	0.0744716826456	0.0704799264327	0.983613278969
Shaanxi	Xinjiang	6537670	0.068943122836	0.0717994692602	0.068279541076	0.970475332186
Shaanxi	Yunnan	6537670	0.068943122836	0.0665459653298	0.0652687114186	0.96360423115
Shaanxi	Zhejiang	6537670	0.068943122836	0.0752002591818	0.070497412482	0.979079669839
Shandong	Shandong	6537670	0.0745339616991	0.0745339616991	0.0745339616991	1.0
Shandong	Shanghai	6537670	0.0745339616991	0.073986677788	0.0734148327484	0.988621264204
Shandong	Shanxi	6537670	0.0745339616991	0.0726580543496	0.072287899223	0.982305597528
Shandong	Sichuan	6537670	0.0745339616991	0.0707305970887	0.0715941676304	0.986045326794
Shandong	Taiwan	6537670	0.0745339616991	0.0742096072577	0.0727758200977	0.978543054175
Shandong	Tianjin	6537670	0.0745339616991	0.0704220904498	0.0716179494719	0.988531067931
Shandong	Unknown	6537670	0.0745339616991	0.0744716826456	0.0737535635177	0.989943304286
Shandong	Xinjiang	6537670	0.0745339616991	0.0717994692602	0.0712925162786	0.974554707276
Shandong	Yunnan	6537670	0.0745339616991	0.0665459653298	0.0680114767991	0.965704460918
Shandong	Zhejiang	6537670	0.0745339616991	0.0752002591818	0.0737245561616	0.98474865212
Shanghai	Shanghai	6537670	0.073986677788	0.073986677788	0.073986677788	1.0
Shanghai	Shanxi	6537670	0.073986677788	0.0726580543496	0.0715933506934	0.976459068781
Shanghai	Sichuan	6537670	0.073986677788	0.0707305970887	0.0710426404083	0.982061461936
Shanghai	Taiwan	6537670	0.073986677788	0.0742096072577	0.0723152753057	0.975940214746
Shanghai	Tianjin	6537670	0.073986677788	0.0704220904498	0.0708752470607	0.981891196118
Shanghai	Unknown	6537670	0.073986677788	0.0744716826456	0.0731144479633	0.984987816447
Shanghai	Xinjiang	6537670	0.073986677788	0.0717994692602	0.0706124876273	0.968822310335
Shanghai	Yunnan	6537670	0.073986677788	0.0665459653298	0.0675766644622	0.963072813637
Shanghai	Zhejiang	6537670	0.073986677788	0.0752002591818	0.0732786751863	0.9824063863
Shanxi	Shanxi	6537670	0.0726580543496	0.0726580543496	0.0726580543496	1.0
Shanxi	Sichuan	6537670	0.0726580543496	0.0707305970887	0.0698280125663	0.97405647403
Shanxi	Taiwan	6537670	0.0726580543496	0.0742096072577	0.0710421686432	0.967485047454
Shanxi	Tianjin	6537670	0.0726580543496	0.0704220904498	0.0698464450104	0.976445409893
Shanxi	Unknown	6537670	0.0726580543496	0.0744716826456	0.0718670949062	0.97699563712
Shanxi	Xinjiang	6537670	0.0726580543496	0.0717994692602	0.0696880398197	0.964840999454
Shanxi	Yunnan	6537670	0.0726580543496	0.0665459653298	0.0665021049855	0.956384756599
Shanxi	Zhejiang	6537670	0.0726580543496	0.0752002591818	0.0719344138875	0.973162036673
Sichuan	Sichuan	6537670	0.0707305970887	0.0707305970887	0.0707305970887	1.0
Sichuan	Taiwan	6537670	0.0707305970887	0.0742096072577	0.0706775009204	0.97554533434
Sichuan	Tianjin	6537670	0.0707305970887	0.0704220904498	0.0695510049981	0.985474273744
Sichuan	Unknown	6537670	0.0707305970887	0.0744716826456	0.0713274779027	0.982782970415
Sichuan	Xinjiang	6537670	0.0707305970887	0.0717994692602	0.06898782462	0.968073142412
Sichuan	Yunnan	6537670	0.0707305970887	0.0665459653298	0.0661399433922	0.964049407434
Sichuan	Zhejiang	6537670	0.0707305970887	0.0752002591818	0.0714244151753	0.979339704778
Taiwan	Taiwan	6537670	0.0742096072577	0.0742096072577	0.0742096072577	1.0
Taiwan	Tianjin	6537670	0.0742096072577	0.0704220904498	0.0703256295553	0.972812417861
Taiwan	Unknown	6537670	0.0742096072577	0.0744716826456	0.0725463203321	0.975864993907
Taiwan	Xinjiang	6537670	0.0742096072577	0.0717994692602	0.0701824653625	0.961474867431
Taiwan	Yunnan	6537670	0.0742096072577	0.0665459653298	0.0672317617371	0.956717152643
Taiwan	Zhejiang	6537670	0.0742096072577	0.0752002591818	0.0727736892173	0.974169787652
Tianjin	Tianjin	6537670	0.0704220904498	0.0704220904498	0.0704220904498	1.0
Tianjin	Unknown	6537670	0.0704220904498	0.0744716826456	0.0711968675709	0.983129769399
Tianjin	Xinjiang	6537670	0.0704220904498	0.0717994692602	0.0689776383513	0.970048051368
Tianjin	Yunnan	6537670	0.0704220904498	0.0665459653298	0.065905483373	0.962733820176
Tianjin	Zhejiang	6537670	0.0704220904498	0.0752002591818	0.0711984509207	0.978377416763
Unknown	Unknown	6537670	0.0744716826456	0.0744716826456	0.0744716826456	1.0
Unknown	Xinjiang	6537670	0.0744716826456	0.0717994692602	0.0708828032325	0.969359083281
Unknown	Yunnan	6537670	0.0744716826456	0.0665459653298	0.0677593860971	0.962527207882
Unknown	Zhejiang	6537670	0.0744716826456	0.0752002591818	0.0734633558763	0.981669982734
Xinjiang	Xinjiang	6537670	0.0717994692602	0.0717994692602	0.0717994692602	1.0
Xinjiang	Yunnan	6537670	0.0717994692602	0.0665459653298	0.0657406786724	0.951070479055
Xinjiang	Zhejiang	6537670	0.0717994692602	0.0752002591818	0.0709515280447	0.965587127367
Yunnan	Yunnan	6537670	0.0665459653298	0.0665459653298	0.0665459653298	1.0
Yunnan	Zhejiang	6537670	0.0665459653298	0.0752002591818	0.0679650514754	0.960760449674
Zhejiang	Zhejiang	6537670	0.0752002591818	0.0752002591818	0.0752002591818	1.0
