ACB	ACB	14269483	0.0630272581712	0.0630272581712	0.0630272581712	1.0
ACB	AFR	14269483	0.0630272581712	0.0639330261508	0.0631091958638	0.994181799743
ACB	ALL	14269483	0.0630272581712	0.0623419858122	0.0566312895902	0.903445435431
ACB	AMR	14269483	0.0630272581712	0.0685684036618	0.0545659183139	0.830032775633
ACB	ASW	14269483	0.0630272581712	0.0614394372165	0.0611726148803	0.983035549242
ACB	BEB	14269483	0.0630272581712	0.0711219112341	0.0545899651009	0.815355302536
ACB	CDX	14269483	0.0630272581712	0.0807007124558	0.0545775571158	0.765263854692
ACB	CEU	14269483	0.0630272581712	0.0709149159863	0.053507085686	0.800346948857
ACB	CHB	14269483	0.0630272581712	0.080448792215	0.0545537773175	0.76612715341
ACB	CHS	14269483	0.0630272581712	0.0806708205064	0.0545442600257	0.764938658396
ACB	CLM	14269483	0.0630272581712	0.0679294134562	0.054563842141	0.833895833846
ACB	EAS	14269483	0.0630272581712	0.0797132500254	0.0545586193808	0.769722011878
ACB	ESN	14269483	0.0630272581712	0.0661151921496	0.0636073812255	0.985354889656
ACB	EUR	14269483	0.0630272581712	0.0702077548949	0.053632814952	0.806257637653
ACB	FIN	14269483	0.0630272581712	0.0716314883495	0.053536461182	0.796770902552
ACB	GBR	14269483	0.0630272581712	0.0710377584925	0.0534896302827	0.799393778702
ACB	GIH	14269483	0.0630272581712	0.071085781286	0.0544781025228	0.813891278666
ACB	GWD	14269483	0.0630272581712	0.0658068023615	0.0631916903963	0.981206398193
ACB	IBS	14269483	0.0630272581712	0.0704125143282	0.053825556128	0.807977732516
ACB	ITU	14269483	0.0630272581712	0.0713219674205	0.0546255366143	0.814741524947
ACB	JPT	14269483	0.0630272581712	0.0808174298595	0.0545539207084	0.764379873386
ACB	KHV	14269483	0.0630272581712	0.0799587250184	0.0545654070402	0.768635186458
ACB	LWK	14269483	0.0630272581712	0.0654707213688	0.062956072152	0.980053658061
ACB	MSL	14269483	0.0630272581712	0.0660994121134	0.0634197784059	0.982565960101
ACB	MXL	14269483	0.0630272581712	0.0717051438716	0.0542069106538	0.80633459588
ACB	PEL	14269483	0.0630272581712	0.079172802008	0.0541498167606	0.76655756912
ACB	PJL	14269483	0.0630272581712	0.0702936386634	0.0544196155806	0.817585630545
ACB	PUR	14269483	0.0630272581712	0.0659308684196	0.0551295296488	0.855215732935
ACB	SAS	14269483	0.0630272581712	0.0704106064261	0.0545561671156	0.818956060718
ACB	STU	14269483	0.0630272581712	0.0712759139986	0.0546657710735	0.815604988444
ACB	TSI	14269483	0.0630272581712	0.0706321107888	0.0537675536455	0.805851423124
ACB	YRI	14269483	0.0630272581712	0.06593087727	0.063633136148	0.987130778438
AFR	AFR	14269483	0.0639330261508	0.0639330261508	0.0639330261508	1.0
AFR	ALL	14269483	0.0639330261508	0.0623419858122	0.0561706025066	0.889725700243
AFR	AMR	14269483	0.0639330261508	0.0685684036618	0.0537036043373	0.811108185841
AFR	ASW	14269483	0.0639330261508	0.0614394372165	0.0616662725009	0.983923769982
AFR	BEB	14269483	0.0639330261508	0.0711219112341	0.0537228546725	0.796699861421
AFR	CDX	14269483	0.0639330261508	0.0807007124558	0.0538454586393	0.749631392565
AFR	CEU	14269483	0.0639330261508	0.0709149159863	0.0522895257236	0.776574768046
AFR	CHB	14269483	0.0639330261508	0.080448792215	0.0538206222731	0.750457875998
AFR	CHS	14269483	0.0639330261508	0.0806708205064	0.053816456892	0.749366430375
AFR	CLM	14269483	0.0639330261508	0.0679294134562	0.0536579906833	0.81422201874
AFR	EAS	14269483	0.0639330261508	0.0797132500254	0.0538272942861	0.754005755567
AFR	ESN	14269483	0.0639330261508	0.0661151921496	0.0645663853547	0.99310052358
AFR	EUR	14269483	0.0639330261508	0.0702077548949	0.0524448398372	0.782794183561
AFR	FIN	14269483	0.0639330261508	0.0716314883495	0.052340293961	0.773430936151
AFR	GBR	14269483	0.0639330261508	0.0710377584925	0.0522706533377	0.775622989366
AFR	GIH	14269483	0.0639330261508	0.071085781286	0.0535610089346	0.7945015486
AFR	GWD	14269483	0.0639330261508	0.0658068023615	0.064284384364	0.991077152141
AFR	IBS	14269483	0.0639330261508	0.0704125143282	0.0526705551981	0.785019309145
AFR	ITU	14269483	0.0639330261508	0.0713219674205	0.0537630855552	0.796177495127
AFR	JPT	14269483	0.0639330261508	0.0808174298595	0.0538220074648	0.748763634914
AFR	KHV	14269483	0.0639330261508	0.0799587250184	0.0538335840263	0.752935429518
AFR	LWK	14269483	0.0639330261508	0.0654707213688	0.0639501910849	0.988452155344
AFR	MSL	14269483	0.0639330261508	0.0660994121134	0.064456298837	0.991525607605
AFR	MXL	14269483	0.0639330261508	0.0717051438716	0.0533056444761	0.787291226884
AFR	PEL	14269483	0.0639330261508	0.079172802008	0.053314949521	0.749373556645
AFR	PJL	14269483	0.0639330261508	0.0702936386634	0.0534950184465	0.797981271387
AFR	PUR	14269483	0.0639330261508	0.0659308684196	0.054308141385	0.836484525498
AFR	SAS	14269483	0.0639330261508	0.0704106064261	0.0536709086071	0.799939743643
AFR	STU	14269483	0.0639330261508	0.0712759139986	0.0538115703788	0.797152913847
AFR	TSI	14269483	0.0639330261508	0.0706321107888	0.0526079851841	0.782866926531
AFR	YRI	14269483	0.0639330261508	0.06593087727	0.0645743278728	0.994610034646
ALL	ALL	14269483	0.0623419858122	0.0623419858122	0.0623419858122	1.0
ALL	AMR	14269483	0.0623419858122	0.0685684036618	0.0637738299392	0.975416648634
ALL	ASW	14269483	0.0623419858122	0.0614394372165	0.0576680629321	0.931797269075
ALL	BEB	14269483	0.0623419858122	0.0711219112341	0.0647137927385	0.971862507592
ALL	CDX	14269483	0.0623419858122	0.0807007124558	0.066191027615	0.93319010071
ALL	CEU	14269483	0.0623419858122	0.0709149159863	0.0634180083134	0.95379158449
ALL	CHB	14269483	0.0623419858122	0.080448792215	0.0662993192284	0.936179202351
ALL	CHS	14269483	0.0623419858122	0.0806708205064	0.0663044102039	0.934961791423
ALL	CLM	14269483	0.0623419858122	0.0679294134562	0.0634386504081	0.974843021127
ALL	EAS	14269483	0.0623419858122	0.0797132500254	0.066248689714	0.939770307046
ALL	ESN	14269483	0.0623419858122	0.0661151921496	0.0556949345584	0.867510519475
ALL	EUR	14269483	0.0623419858122	0.0702077548949	0.0634570029195	0.959172453605
ALL	FIN	14269483	0.0623419858122	0.0716314883495	0.0637462694856	0.953921134598
ALL	GBR	14269483	0.0623419858122	0.0710377584925	0.0634321620431	0.953179237067
ALL	GIH	14269483	0.0623419858122	0.071085781286	0.064428957676	0.967830755612
ALL	GWD	14269483	0.0623419858122	0.0658068023615	0.0559506978578	0.873533968117
ALL	IBS	14269483	0.0623419858122	0.0704125143282	0.0633186005482	0.955687851388
ALL	ITU	14269483	0.0623419858122	0.0713219674205	0.0645260528041	0.967683031901
ALL	JPT	14269483	0.0623419858122	0.0808174298595	0.0662764393571	0.933719297931
ALL	KHV	14269483	0.0623419858122	0.0799587250184	0.0661620341485	0.937099277191
ALL	LWK	14269483	0.0623419858122	0.0654707213688	0.0564158523075	0.883054025476
ALL	MSL	14269483	0.0623419858122	0.0660994121134	0.0556785749452	0.867359214922
ALL	MXL	14269483	0.0623419858122	0.0717051438716	0.0643009009711	0.961726507613
ALL	PEL	14269483	0.0623419858122	0.079172802008	0.0650649984542	0.926123917456
ALL	PJL	14269483	0.0623419858122	0.0702936386634	0.0643135415266	0.971525260369
ALL	PUR	14269483	0.0623419858122	0.0659308684196	0.0626959807723	0.977923734025
ALL	SAS	14269483	0.0623419858122	0.0704106064261	0.0644981224691	0.973503941434
ALL	STU	14269483	0.0623419858122	0.0712759139986	0.0645318375764	0.968082386345
ALL	TSI	14269483	0.0623419858122	0.0706321107888	0.0633839752889	0.955186256576
ALL	YRI	14269483	0.0623419858122	0.06593087727	0.0557414390192	0.86944764011
AMR	AMR	14269483	0.0685684036618	0.0685684036618	0.0685684036618	1.0
AMR	ASW	14269483	0.0685684036618	0.0614394372165	0.0565073213571	0.870600850058
AMR	BEB	14269483	0.0685684036618	0.0711219112341	0.0666037516491	0.953750907015
AMR	CDX	14269483	0.0685684036618	0.0807007124558	0.0676401652332	0.909293226616
AMR	CEU	14269483	0.0685684036618	0.0709149159863	0.0670285640565	0.961233946855
AMR	CHB	14269483	0.0685684036618	0.080448792215	0.0679985902054	0.915541690092
AMR	CHS	14269483	0.0685684036618	0.0806708205064	0.0678994245549	0.912947570379
AMR	CLM	14269483	0.0685684036618	0.0679294134562	0.0677502010142	0.992703690389
AMR	EAS	14269483	0.0685684036618	0.0797132500254	0.0678613190622	0.917899259483
AMR	ESN	14269483	0.0685684036618	0.0661151921496	0.0528681557066	0.785202201871
AMR	EUR	14269483	0.0685684036618	0.0702077548949	0.0669971071571	0.965609408693
AMR	FIN	14269483	0.0685684036618	0.0716314883495	0.0672911568219	0.960160836033
AMR	GBR	14269483	0.0685684036618	0.0710377584925	0.0670473626691	0.960671828563
AMR	GIH	14269483	0.0685684036618	0.071085781286	0.0664976963525	0.95247417805
AMR	GWD	14269483	0.0685684036618	0.0658068023615	0.0533020626677	0.793499398662
AMR	IBS	14269483	0.0685684036618	0.0704125143282	0.0668148384884	0.961581229728
AMR	ITU	14269483	0.0685684036618	0.0713219674205	0.066381289676	0.949231209911
AMR	JPT	14269483	0.0685684036618	0.0808174298595	0.0680775760247	0.914512291417
AMR	KHV	14269483	0.0685684036618	0.0799587250184	0.0676589914064	0.913756690439
AMR	LWK	14269483	0.0685684036618	0.0654707213688	0.0539645341041	0.805420815713
AMR	MSL	14269483	0.0685684036618	0.0660994121134	0.0528915531777	0.785643465318
AMR	MXL	14269483	0.0685684036618	0.0717051438716	0.0695809515847	0.992323299679
AMR	PEL	14269483	0.0685684036618	0.079172802008	0.0716653888123	0.972656367749
AMR	PJL	14269483	0.0685684036618	0.0702936386634	0.0664920030158	0.957743877104
AMR	PUR	14269483	0.0685684036618	0.0659308684196	0.0661512987139	0.983856949017
AMR	SAS	14269483	0.0685684036618	0.0704106064261	0.0664602204589	0.956490620842
AMR	STU	14269483	0.0685684036618	0.0712759139986	0.0663501720448	0.949092707307
AMR	TSI	14269483	0.0685684036618	0.0706321107888	0.0668343664504	0.960365883677
AMR	YRI	14269483	0.0685684036618	0.06593087727	0.0529350652874	0.787294117373
ASW	ASW	14269483	0.0614394372165	0.0614394372165	0.0614394372165	1.0
ASW	BEB	14269483	0.0614394372165	0.0711219112341	0.0563691174311	0.852738578666
ASW	CDX	14269483	0.0614394372165	0.0807007124558	0.0563990599821	0.800957673873
ASW	CEU	14269483	0.0614394372165	0.0709149159863	0.0556721283262	0.843422949037
ASW	CHB	14269483	0.0614394372165	0.080448792215	0.0564278111319	0.802619719007
ASW	CHS	14269483	0.0614394372165	0.0806708205064	0.0564093251145	0.801251862921
ASW	CLM	14269483	0.0614394372165	0.0679294134562	0.0564505039285	0.873806510915
ASW	EAS	14269483	0.0614394372165	0.0797132500254	0.0564141823	0.806119496559
ASW	ESN	14269483	0.0614394372165	0.0661151921496	0.0619157298769	0.971464086764
ASW	EUR	14269483	0.0614394372165	0.0702077548949	0.0557608853998	0.849011365253
ASW	FIN	14269483	0.0614394372165	0.0716314883495	0.0557243259623	0.839980534693
ASW	GBR	14269483	0.0614394372165	0.0710377584925	0.0556668289652	0.842613171249
ASW	GIH	14269483	0.0614394372165	0.071085781286	0.0562950754976	0.851834883586
ASW	GWD	14269483	0.0614394372165	0.0658068023615	0.0616889565253	0.970171283293
ASW	IBS	14269483	0.0614394372165	0.0704125143282	0.0558852169202	0.849666313495
ASW	ITU	14269483	0.0614394372165	0.0713219674205	0.0563794379407	0.851697691619
ASW	JPT	14269483	0.0614394372165	0.0808174298595	0.0564371844717	0.800920127214
ASW	KHV	14269483	0.0614394372165	0.0799587250184	0.0563947150848	0.804603397692
ASW	LWK	14269483	0.0614394372165	0.0654707213688	0.0616128283056	0.971457863006
ASW	MSL	14269483	0.0614394372165	0.0660994121134	0.0617808495179	0.969463500441
ASW	MXL	14269483	0.0614394372165	0.0717051438716	0.0563336517295	0.848729180917
ASW	PEL	14269483	0.0614394372165	0.079172802008	0.0563972698245	0.808623685745
ASW	PJL	14269483	0.0614394372165	0.0702936386634	0.0562435215361	0.85583664542
ASW	PUR	14269483	0.0614394372165	0.0659308684196	0.056755819161	0.89174849226
ASW	SAS	14269483	0.0614394372165	0.0704106064261	0.0563382167041	0.856565225538
ASW	STU	14269483	0.0614394372165	0.0712759139986	0.0564036813552	0.852339152573
ASW	TSI	14269483	0.0614394372165	0.0706321107888	0.0558324127444	0.847542897728
ASW	YRI	14269483	0.0614394372165	0.06593087727	0.0619413177889	0.973223078374
BEB	BEB	14269483	0.0711219112341	0.0711219112341	0.0711219112341	1.0
BEB	CDX	14269483	0.0711219112341	0.0807007124558	0.0702164298392	0.926826302415
BEB	CEU	14269483	0.0711219112341	0.0709149159863	0.0667803750775	0.940325791548
BEB	CHB	14269483	0.0711219112341	0.080448792215	0.070223768136	0.928373330615
BEB	CHS	14269483	0.0711219112341	0.0806708205064	0.0702462815798	0.92739210365
BEB	CLM	14269483	0.0711219112341	0.0679294134562	0.0662443232315	0.953055135529
BEB	EAS	14269483	0.0711219112341	0.0797132500254	0.0702285623582	0.932710381251
BEB	ESN	14269483	0.0711219112341	0.0661151921496	0.0528990788639	0.771428657181
BEB	EUR	14269483	0.0711219112341	0.0702077548949	0.0667842494745	0.945104427374
BEB	FIN	14269483	0.0711219112341	0.0716314883495	0.0671895387929	0.941343142325
BEB	GBR	14269483	0.0711219112341	0.0710377584925	0.066797408849	0.939752050366
BEB	GIH	14269483	0.0711219112341	0.071085781286	0.0702084277758	0.987406922896
BEB	GWD	14269483	0.0711219112341	0.0658068023615	0.0533174618992	0.779349684095
BEB	IBS	14269483	0.0711219112341	0.0704125143282	0.0664840712476	0.939487423021
BEB	ITU	14269483	0.0711219112341	0.0713219674205	0.0705163605714	0.990094215129
BEB	JPT	14269483	0.0711219112341	0.0808174298595	0.0702339508308	0.92638789673
BEB	KHV	14269483	0.0711219112341	0.0799587250184	0.0702206301489	0.931172373931
BEB	LWK	14269483	0.0711219112341	0.0654707213688	0.0540865719339	0.792618461903
BEB	MSL	14269483	0.0711219112341	0.0660994121134	0.0529067366378	0.771632420836
BEB	MXL	14269483	0.0711219112341	0.0717051438716	0.0674075329223	0.943912130452
BEB	PEL	14269483	0.0711219112341	0.079172802008	0.0682152988331	0.909058996042
BEB	PJL	14269483	0.0711219112341	0.0702936386634	0.069855714394	0.987966495357
BEB	PUR	14269483	0.0711219112341	0.0659308684196	0.065114989571	0.950900044831
BEB	SAS	14269483	0.0711219112341	0.0704106064261	0.0704253402604	0.995195038473
BEB	STU	14269483	0.0711219112341	0.0712759139986	0.0705017817808	0.990209266137
BEB	TSI	14269483	0.0711219112341	0.0706321107888	0.0667001959845	0.941075155438
BEB	YRI	14269483	0.0711219112341	0.06593087727	0.0529410973828	0.773119812004
CDX	CDX	14269483	0.0807007124558	0.0807007124558	0.0807007124558	1.0
CDX	CEU	14269483	0.0807007124558	0.0709149159863	0.064971981366	0.858852591236
CDX	CHB	14269483	0.0807007124558	0.080448792215	0.0794347715943	0.985853091124
CDX	CHS	14269483	0.0807007124558	0.0806708205064	0.0798592615822	0.989756513883
CDX	CLM	14269483	0.0807007124558	0.0679294134562	0.0664285896822	0.897196179277
CDX	EAS	14269483	0.0807007124558	0.0797132500254	0.0797096940428	0.993818780672
CDX	ESN	14269483	0.0807007124558	0.0661151921496	0.0530747769909	0.726605801932
CDX	EUR	14269483	0.0807007124558	0.0702077548949	0.0651184285651	0.865112693901
CDX	FIN	14269483	0.0807007124558	0.0716314883495	0.0660842046795	0.869174538661
CDX	GBR	14269483	0.0807007124558	0.0710377584925	0.0650121062742	0.858639626642
CDX	GIH	14269483	0.0807007124558	0.071085781286	0.0685241240843	0.904718431044
CDX	GWD	14269483	0.0807007124558	0.0658068023615	0.0534521129785	0.733484260686
CDX	IBS	14269483	0.0807007124558	0.0704125143282	0.0647254962784	0.85864130875
CDX	ITU	14269483	0.0807007124558	0.0713219674205	0.0690668868776	0.910373357212
CDX	JPT	14269483	0.0807007124558	0.0808174298595	0.0789178089889	0.977200808067
CDX	KHV	14269483	0.0807007124558	0.0799587250184	0.0797378724944	0.992642874219
CDX	LWK	14269483	0.0807007124558	0.0654707213688	0.054232103749	0.746095128353
CDX	MSL	14269483	0.0807007124558	0.0660994121134	0.0530678251184	0.726597344657
CDX	MXL	14269483	0.0807007124558	0.0717051438716	0.0690676581618	0.90794782098
CDX	PEL	14269483	0.0807007124558	0.079172802008	0.0716571464106	0.896463924241
CDX	PJL	14269483	0.0807007124558	0.0702936386634	0.0683091724685	0.90694787457
CDX	PUR	14269483	0.0807007124558	0.0659308684196	0.0645707547325	0.885223185184
CDX	SAS	14269483	0.0807007124558	0.0704106064261	0.0690278407317	0.915728143071
CDX	STU	14269483	0.0807007124558	0.0712759139986	0.0691707585251	0.912036997474
CDX	TSI	14269483	0.0807007124558	0.0706321107888	0.064841706388	0.858844736481
CDX	YRI	14269483	0.0807007124558	0.06593087727	0.0531233423799	0.728286534479
CEU	CEU	14269483	0.0709149159863	0.0709149159863	0.0709149159863	1.0
CEU	CHB	14269483	0.0709149159863	0.080448792215	0.065177944704	0.862923111804
CEU	CHS	14269483	0.0709149159863	0.0806708205064	0.065082435368	0.860472038579
CEU	CLM	14269483	0.0709149159863	0.0679294134562	0.0674828007524	0.972288995157
CEU	EAS	14269483	0.0709149159863	0.0797132500254	0.0650899762871	0.865725198861
CEU	ESN	14269483	0.0709149159863	0.0661151921496	0.0512528949658	0.748512353732
CEU	EUR	14269483	0.0709149159863	0.0702077548949	0.0703317384583	0.996758650378
CEU	FIN	14269483	0.0709149159863	0.0716314883495	0.0702742304599	0.985996366921
CEU	GBR	14269483	0.0709149159863	0.0710377584925	0.0704854661813	0.993084390028
CEU	GIH	14269483	0.0709149159863	0.071085781286	0.067360288301	0.948732483138
CEU	GWD	14269483	0.0709149159863	0.0658068023615	0.051782826541	0.758021566536
CEU	IBS	14269483	0.0709149159863	0.0704125143282	0.0700219761678	0.99092466983
CEU	ITU	14269483	0.0709149159863	0.0713219674205	0.0668914651424	0.940568120678
CEU	JPT	14269483	0.0709149159863	0.0808174298595	0.0651657304847	0.860791468716
CEU	KHV	14269483	0.0709149159863	0.0799587250184	0.0650377906989	0.863702255008
CEU	LWK	14269483	0.0709149159863	0.0654707213688	0.0525593216724	0.771360493881
CEU	MSL	14269483	0.0709149159863	0.0660994121134	0.0512775996141	0.748962532292
CEU	MXL	14269483	0.0709149159863	0.0717051438716	0.0673063618263	0.943869958853
CEU	PEL	14269483	0.0709149159863	0.079172802008	0.0664534120507	0.886871054395
CEU	PJL	14269483	0.0709149159863	0.0702936386634	0.0674699425208	0.955616261662
CEU	PUR	14269483	0.0709149159863	0.0659308684196	0.0669165236498	0.978633721754
CEU	SAS	14269483	0.0709149159863	0.0704106064261	0.0670689923101	0.949148012137
CEU	STU	14269483	0.0709149159863	0.0712759139986	0.0668185014695	0.939845654207
CEU	TSI	14269483	0.0709149159863	0.0706321107888	0.0700239016883	0.989410276517
CEU	YRI	14269483	0.0709149159863	0.06593087727	0.0513205035865	0.750546641051
CHB	CHB	14269483	0.080448792215	0.080448792215	0.080448792215	1.0
CHB	CHS	14269483	0.080448792215	0.0806708205064	0.0800756037434	0.993990469836
CHB	CLM	14269483	0.080448792215	0.0679294134562	0.0667212309765	0.902558485696
CHB	EAS	14269483	0.080448792215	0.0797132500254	0.0797954837148	0.996444901586
CHB	ESN	14269483	0.080448792215	0.0661151921496	0.0530257679935	0.727070578424
CHB	EUR	14269483	0.080448792215	0.0702077548949	0.0653243648417	0.869206346851
CHB	FIN	14269483	0.080448792215	0.0716314883495	0.0663382332976	0.87388070354
CHB	GBR	14269483	0.080448792215	0.0710377584925	0.0652216496192	0.862754811784
CHB	GIH	14269483	0.080448792215	0.071085781286	0.0685780019729	0.906846316016
CHB	GWD	14269483	0.080448792215	0.0658068023615	0.0534285502263	0.734307952254
CHB	IBS	14269483	0.080448792215	0.0704125143282	0.0649067321509	0.862392664639
CHB	ITU	14269483	0.080448792215	0.0713219674205	0.069091259217	0.912119386375
CHB	JPT	14269483	0.080448792215	0.0808174298595	0.0796810857438	0.988195703962
CHB	KHV	14269483	0.080448792215	0.0799587250184	0.0792785068292	0.988468348452
CHB	LWK	14269483	0.080448792215	0.0654707213688	0.054202838061	0.746859138862
CHB	MSL	14269483	0.080448792215	0.0660994121134	0.0530421022703	0.727381357264
CHB	MXL	14269483	0.080448792215	0.0717051438716	0.0694973944855	0.915026354775
CHB	PEL	14269483	0.080448792215	0.079172802008	0.0722041586595	0.904720518554
CHB	PJL	14269483	0.080448792215	0.0702936386634	0.0683739563044	0.909228276529
CHB	PUR	14269483	0.080448792215	0.0659308684196	0.0647904070869	0.889624114208
CHB	SAS	14269483	0.080448792215	0.0704106064261	0.0690612537976	0.917604747939
CHB	STU	14269483	0.080448792215	0.0712759139986	0.0691847695013	0.913648901935
CHB	TSI	14269483	0.080448792215	0.0706321107888	0.0650243429712	0.862611246226
CHB	YRI	14269483	0.080448792215	0.06593087727	0.0530925892643	0.72900366966
CHS	CHS	14269483	0.0806708205064	0.0806708205064	0.0806708205064	1.0
CHS	CLM	14269483	0.0806708205064	0.0679294134562	0.0666280168562	0.900056385798
CHS	EAS	14269483	0.0806708205064	0.0797132500254	0.0799810031686	0.997386192655
CHS	ESN	14269483	0.0806708205064	0.0661151921496	0.0530293145657	0.726117902277
CHS	EUR	14269483	0.0806708205064	0.0702077548949	0.0652321397933	0.866783918088
CHS	FIN	14269483	0.0806708205064	0.0716314883495	0.0662393719632	0.871376777257
CHS	GBR	14269483	0.0806708205064	0.0710377584925	0.0651266330956	0.860311572574
CHS	GIH	14269483	0.0806708205064	0.071085781286	0.0685738196736	0.905542282103
CHS	GWD	14269483	0.0806708205064	0.0658068023615	0.0534256372839	0.733256767662
CHS	IBS	14269483	0.0806708205064	0.0704125143282	0.0648202762961	0.860057949676
CHS	ITU	14269483	0.0806708205064	0.0713219674205	0.0691015861051	0.910999464112
CHS	JPT	14269483	0.0806708205064	0.0808174298595	0.0796296320948	0.986197630236
CHS	KHV	14269483	0.0806708205064	0.0799587250184	0.0796354160678	0.991551066781
CHS	LWK	14269483	0.0806708205064	0.0654707213688	0.0542016779393	0.745814686528
CHS	MSL	14269483	0.0806708205064	0.0660994121134	0.0530403934821	0.726356289944
CHS	MXL	14269483	0.0806708205064	0.0717051438716	0.0693823835013	0.912254096547
CHS	PEL	14269483	0.0806708205064	0.079172802008	0.0720882661103	0.902024503038
CHS	PJL	14269483	0.0806708205064	0.0702936386634	0.0683615278518	0.907811146829
CHS	PUR	14269483	0.0806708205064	0.0659308684196	0.0647093284933	0.887287284659
CHS	SAS	14269483	0.0806708205064	0.0704106064261	0.0690670587337	0.91641815048
CHS	STU	14269483	0.0806708205064	0.0712759139986	0.0691992610839	0.912581840281
CHS	TSI	14269483	0.0806708205064	0.0706321107888	0.0649377755571	0.860276536959
CHS	YRI	14269483	0.0806708205064	0.06593087727	0.0530883245622	0.727941291976
CLM	CLM	14269483	0.0679294134562	0.0679294134562	0.0679294134562	1.0
CLM	EAS	14269483	0.0679294134562	0.0797132500254	0.0666079683786	0.90517384576
CLM	ESN	14269483	0.0679294134562	0.0661151921496	0.0528130837762	0.788064859376
CLM	EUR	14269483	0.0679294134562	0.0702077548949	0.0674405808034	0.976562013035
CLM	FIN	14269483	0.0679294134562	0.0716314883495	0.0675610259491	0.968534992572
CLM	GBR	14269483	0.0679294134562	0.0710377584925	0.0675011428623	0.971712006527
CLM	GIH	14269483	0.0679294134562	0.071085781286	0.0663185457025	0.954365411766
CLM	GWD	14269483	0.0679294134562	0.0658068023615	0.0532551965249	0.796521797552
CLM	IBS	14269483	0.0679294134562	0.0704125143282	0.0673368947829	0.973641835796
CLM	ITU	14269483	0.0679294134562	0.0713219674205	0.0661239669191	0.949988417443
CLM	JPT	14269483	0.0679294134562	0.0808174298595	0.0667845496268	0.901352259527
CLM	KHV	14269483	0.0679294134562	0.0799587250184	0.0664521499936	0.901669073774
CLM	LWK	14269483	0.0679294134562	0.0654707213688	0.0539217460043	0.80855850741
CLM	MSL	14269483	0.0679294134562	0.0660994121134	0.0528290244826	0.788396813858
CLM	MXL	14269483	0.0679294134562	0.0717051438716	0.06831735203	0.978874323277
CLM	PEL	14269483	0.0679294134562	0.079172802008	0.0693998527683	0.946327823277
CLM	PJL	14269483	0.0679294134562	0.0702936386634	0.0663392109115	0.960026799633
CLM	PUR	14269483	0.0679294134562	0.0659308684196	0.0658881942058	0.9845420612
CLM	SAS	14269483	0.0679294134562	0.0704106064261	0.0662216627236	0.95752937546
CLM	STU	14269483	0.0679294134562	0.0712759139986	0.066091644498	0.949830756252
CLM	TSI	14269483	0.0679294134562	0.0706321107888	0.0673413230212	0.972191052313
CLM	YRI	14269483	0.0679294134562	0.06593087727	0.0528777459976	0.790131861548
EAS	EAS	14269483	0.0797132500254	0.0797132500254	0.0797132500254	1.0
EAS	ESN	14269483	0.0797132500254	0.0661151921496	0.0530405455016	0.730620900319
EAS	EUR	14269483	0.0797132500254	0.0702077548949	0.0652365261825	0.87203321297
EAS	FIN	14269483	0.0797132500254	0.0716314883495	0.0662318277823	0.876495104338
EAS	GBR	14269483	0.0797132500254	0.0710377584925	0.0651327947164	0.865545355759
EAS	GIH	14269483	0.0797132500254	0.071085781286	0.0685774122544	0.911012769568
EAS	GWD	14269483	0.0797132500254	0.0658068023615	0.0534362668339	0.737794574918
EAS	IBS	14269483	0.0797132500254	0.0704125143282	0.0648295018991	0.865331474235
EAS	ITU	14269483	0.0797132500254	0.0713219674205	0.0691021202119	0.91646198956
EAS	JPT	14269483	0.0797132500254	0.0808174298595	0.0795925347944	0.991641195635
EAS	KHV	14269483	0.0797132500254	0.0799587250184	0.0794748367244	0.995477517234
EAS	LWK	14269483	0.0797132500254	0.0654707213688	0.0542107456419	0.750406452301
EAS	MSL	14269483	0.0797132500254	0.0660994121134	0.0530509986434	0.73085211309
EAS	MXL	14269483	0.0797132500254	0.0717051438716	0.0693365191858	0.917110406866
EAS	PEL	14269483	0.0797132500254	0.079172802008	0.0719988973534	0.906301251142
EAS	PJL	14269483	0.0797132500254	0.0702936386634	0.0683616535396	0.913249174834
EAS	PUR	14269483	0.0797132500254	0.0659308684196	0.0647016102258	0.892494262396
EAS	SAS	14269483	0.0797132500254	0.0704106064261	0.0690655711462	0.921886185416
EAS	STU	14269483	0.0797132500254	0.0712759139986	0.0692028539177	0.918094423195
EAS	TSI	14269483	0.0797132500254	0.0706321107888	0.0649441291007	0.865512902889
EAS	YRI	14269483	0.0797132500254	0.06593087727	0.0531010593798	0.732476169872
ESN	ESN	14269483	0.0661151921496	0.0661151921496	0.0661151921496	1.0
ESN	EUR	14269483	0.0661151921496	0.0702077548949	0.0514214698477	0.754746854248
ESN	FIN	14269483	0.0661151921496	0.0716314883495	0.0513107918788	0.745600340118
ESN	GBR	14269483	0.0661151921496	0.0710377584925	0.0512296534029	0.747525755757
ESN	GIH	14269483	0.0661151921496	0.071085781286	0.0527036606692	0.768774162047
ESN	GWD	14269483	0.0661151921496	0.0658068023615	0.0646018498656	0.979397357055
ESN	IBS	14269483	0.0661151921496	0.0704125143282	0.0516661860491	0.75723528905
ESN	ITU	14269483	0.0661151921496	0.0713219674205	0.0529392811021	0.770931426667
ESN	JPT	14269483	0.0661151921496	0.0808174298595	0.0530236616104	0.72538165067
ESN	KHV	14269483	0.0661151921496	0.0799587250184	0.0530527209366	0.72966598343
ESN	LWK	14269483	0.0661151921496	0.0654707213688	0.0643498170558	0.97807716874
ESN	MSL	14269483	0.0661151921496	0.0660994121134	0.0649128201044	0.981931170593
ESN	MXL	14269483	0.0661151921496	0.0717051438716	0.0524150491808	0.761255090268
ESN	PEL	14269483	0.0661151921496	0.079172802008	0.0524473307157	0.724911100238
ESN	PJL	14269483	0.0661151921496	0.0702936386634	0.05263814265	0.772132641033
ESN	PUR	14269483	0.0661151921496	0.0659308684196	0.0535415278134	0.810953083293
ESN	SAS	14269483	0.0661151921496	0.0704106064261	0.0528348997928	0.774374803382
ESN	STU	14269483	0.0661151921496	0.0712759139986	0.0529942112812	0.771980629336
ESN	TSI	14269483	0.0661151921496	0.0706321107888	0.0515985870936	0.755068034396
ESN	YRI	14269483	0.0661151921496	0.06593087727	0.0653913254803	0.990432952238
EUR	EUR	14269483	0.0702077548949	0.0702077548949	0.0702077548949	1.0
EUR	FIN	14269483	0.0702077548949	0.0716314883495	0.0702824730783	0.991065834488
EUR	GBR	14269483	0.0702077548949	0.0710377584925	0.0703593295915	0.996287141853
EUR	GIH	14269483	0.0702077548949	0.071085781286	0.0673295393418	0.953063264009
EUR	GWD	14269483	0.0702077548949	0.0658068023615	0.0519507902104	0.76430063606
EUR	IBS	14269483	0.0702077548949	0.0704125143282	0.0700314893533	0.996037967831
EUR	ITU	14269483	0.0702077548949	0.0713219674205	0.0668953369554	0.945347860397
EUR	JPT	14269483	0.0702077548949	0.0808174298595	0.0653157868235	0.867107819655
EUR	KHV	14269483	0.0702077548949	0.0799587250184	0.0651775182941	0.869906042007
EUR	LWK	14269483	0.0702077548949	0.0654707213688	0.052724764124	0.777675719669
EUR	MSL	14269483	0.0702077548949	0.0660994121134	0.0514512097864	0.755273504748
EUR	MXL	14269483	0.0702077548949	0.0717051438716	0.067275291671	0.948173669376
EUR	PEL	14269483	0.0702077548949	0.079172802008	0.0664319310673	0.891038206709
EUR	PJL	14269483	0.0702077548949	0.0702936386634	0.06743666366	0.959943165699
EUR	PUR	14269483	0.0702077548949	0.0659308684196	0.0668864248074	0.983107574104
EUR	SAS	14269483	0.0702077548949	0.0704106064261	0.0670574468116	0.953751927631
EUR	STU	14269483	0.0702077548949	0.0712759139986	0.0668184381385	0.944566153814
EUR	TSI	14269483	0.0702077548949	0.0706321107888	0.0700705134721	0.995042578296
EUR	YRI	14269483	0.0702077548949	0.06593087727	0.0514907283295	0.756819067023
FIN	FIN	14269483	0.0716314883495	0.0716314883495	0.0716314883495	1.0
FIN	GBR	14269483	0.0716314883495	0.0710377584925	0.0702771623923	0.985184579198
FIN	GIH	14269483	0.0716314883495	0.071085781286	0.0676123162573	0.947507063479
FIN	GWD	14269483	0.0716314883495	0.0658068023615	0.0518249699878	0.75483438885
FIN	IBS	14269483	0.0716314883495	0.0704125143282	0.069676342791	0.981089060789
FIN	ITU	14269483	0.0716314883495	0.0713219674205	0.0671976365528	0.940135286745
FIN	JPT	14269483	0.0716314883495	0.0808174298595	0.0663544520961	0.872098546137
FIN	KHV	14269483	0.0716314883495	0.0799587250184	0.0661232220354	0.873713587955
FIN	LWK	14269483	0.0716314883495	0.0654707213688	0.0526108601349	0.768245193183
FIN	MSL	14269483	0.0716314883495	0.0660994121134	0.0513458294998	0.746198528731
FIN	MXL	14269483	0.0716314883495	0.0717051438716	0.0677127761241	0.944807813813
FIN	PEL	14269483	0.0716314883495	0.079172802008	0.0672381652304	0.892844564212
FIN	PJL	14269483	0.0716314883495	0.0702936386634	0.0676990350241	0.95405294956
FIN	PUR	14269483	0.0716314883495	0.0659308684196	0.0668303368831	0.972472356207
FIN	SAS	14269483	0.0716314883495	0.0704106064261	0.0673689226191	0.948611908223
FIN	STU	14269483	0.0716314883495	0.0712759139986	0.0671350619593	0.939563223027
FIN	TSI	14269483	0.0716314883495	0.0706321107888	0.0696492340418	0.979181646754
FIN	YRI	14269483	0.0716314883495	0.06593087727	0.0513775267712	0.747612887979
GBR	GBR	14269483	0.0710377584925	0.0710377584925	0.0710377584925	1.0
GBR	GIH	14269483	0.0710377584925	0.071085781286	0.0673706225045	0.948057252943
GBR	GWD	14269483	0.0710377584925	0.0658068023615	0.0517559816715	0.756973248076
GBR	IBS	14269483	0.0710377584925	0.0704125143282	0.0700579789879	0.990576575295
GBR	ITU	14269483	0.0710377584925	0.0713219674205	0.0669010065478	0.939888573706
GBR	JPT	14269483	0.0710377584925	0.0808174298595	0.0652099256741	0.860630163095
GBR	KHV	14269483	0.0710377584925	0.0799587250184	0.0650794243603	0.863507567531
GBR	LWK	14269483	0.0710377584925	0.0654707213688	0.0525415716736	0.770432991613
GBR	MSL	14269483	0.0710377584925	0.0660994121134	0.0512627649804	0.748098190139
GBR	MXL	14269483	0.0710377584925	0.0717051438716	0.0673273664592	0.943347812527
GBR	PEL	14269483	0.0710377584925	0.079172802008	0.0664732112412	0.886367915443
GBR	PJL	14269483	0.0710377584925	0.0702936386634	0.0674877313749	0.955041387338
GBR	PUR	14269483	0.0710377584925	0.0659308684196	0.0669335284567	0.978035676257
GBR	SAS	14269483	0.0710377584925	0.0704106064261	0.0670810827707	0.948497950824
GBR	STU	14269483	0.0710377584925	0.0712759139986	0.0668253558652	0.939129013625
GBR	TSI	14269483	0.0710377584925	0.0706321107888	0.0700425760491	0.98881806744
GBR	YRI	14269483	0.0710377584925	0.06593087727	0.051300881257	0.749610694102
GIH	GIH	14269483	0.071085781286	0.071085781286	0.071085781286	1.0
GIH	GWD	14269483	0.071085781286	0.0658068023615	0.0531386474665	0.776933291769
GIH	IBS	14269483	0.071085781286	0.0704125143282	0.0670377994328	0.947552873554
GIH	ITU	14269483	0.071085781286	0.0713219674205	0.0704096893084	0.988847682598
GIH	JPT	14269483	0.071085781286	0.0808174298595	0.068629792122	0.905459011646
GIH	KHV	14269483	0.071085781286	0.0799587250184	0.0685757920865	0.909591790336
GIH	LWK	14269483	0.071085781286	0.0654707213688	0.0539276157359	0.79048982835
GIH	MSL	14269483	0.071085781286	0.0660994121134	0.0527024101064	0.768847678217
GIH	MXL	14269483	0.071085781286	0.0717051438716	0.0671743069406	0.940885266975
GIH	PEL	14269483	0.071085781286	0.079172802008	0.0675950871385	0.901022744627
GIH	PJL	14269483	0.071085781286	0.0702936386634	0.0699008040733	0.988855398134
GIH	PUR	14269483	0.071085781286	0.0659308684196	0.0653448415816	0.954499138693
GIH	SAS	14269483	0.071085781286	0.0704106064261	0.0704014221634	0.995109837027
GIH	STU	14269483	0.071085781286	0.0712759139986	0.0703367057587	0.988141765926
GIH	TSI	14269483	0.071085781286	0.0706321107888	0.0672947099467	0.949704427244
GIH	YRI	14269483	0.071085781286	0.06593087727	0.0527642152472	0.770732523149
GWD	GWD	14269483	0.0658068023615	0.0658068023615	0.0658068023615	1.0
GWD	IBS	14269483	0.0658068023615	0.0704125143282	0.0522067697067	0.766949028359
GWD	ITU	14269483	0.0658068023615	0.0713219674205	0.0533699406502	0.779021902692
GWD	JPT	14269483	0.0658068023615	0.0808174298595	0.053431869751	0.732676834028
GWD	KHV	14269483	0.0658068023615	0.0799587250184	0.0534446814926	0.736777184539
GWD	LWK	14269483	0.0658068023615	0.0654707213688	0.0638810894014	0.973225224332
GWD	MSL	14269483	0.0658068023615	0.0660994121134	0.064969365774	0.985086652483
GWD	MXL	14269483	0.0658068023615	0.0717051438716	0.0528716755808	0.769684116
GWD	PEL	14269483	0.0658068023615	0.079172802008	0.0528588959088	0.732309529623
GWD	PJL	14269483	0.0658068023615	0.0702936386634	0.0530772948944	0.780396610166
GWD	PUR	14269483	0.0658068023615	0.0659308684196	0.0539723244789	0.819391265893
GWD	SAS	14269483	0.0658068023615	0.0704106064261	0.0532658077383	0.782517539331
GWD	STU	14269483	0.0658068023615	0.0712759139986	0.0534240384633	0.780063437762
GWD	TSI	14269483	0.0658068023615	0.0706321107888	0.0521326475932	0.764668666653
GWD	YRI	14269483	0.0658068023615	0.06593087727	0.0646733644206	0.981851104191
IBS	IBS	14269483	0.0704125143282	0.0704125143282	0.0704125143282	1.0
IBS	ITU	14269483	0.0704125143282	0.0713219674205	0.0666249973387	0.940157513193
IBS	JPT	14269483	0.0704125143282	0.0808174298595	0.0648975931673	0.860302424414
IBS	KHV	14269483	0.0704125143282	0.0799587250184	0.0647849799461	0.863408802761
IBS	LWK	14269483	0.0704125143282	0.0654707213688	0.0529541840612	0.779923113819
IBS	MSL	14269483	0.0704125143282	0.0660994121134	0.0516957750876	0.757759389436
IBS	MXL	14269483	0.0704125143282	0.0717051438716	0.067019719427	0.943197244435
IBS	PEL	14269483	0.0704125143282	0.079172802008	0.0660144273013	0.884149948553
IBS	PJL	14269483	0.0704125143282	0.0702936386634	0.0671535075847	0.954521605815
IBS	PUR	14269483	0.0704125143282	0.0659308684196	0.0668706420402	0.981445455937
IBS	SAS	14269483	0.0704125143282	0.0704106064261	0.0667735058177	0.948331573199
IBS	STU	14269483	0.0704125143282	0.0712759139986	0.06654185326	0.93928755531
IBS	TSI	14269483	0.0704125143282	0.0706321107888	0.0699657522115	0.992109227177
IBS	YRI	14269483	0.0704125143282	0.06593087727	0.0517358372381	0.759315260169
ITU	ITU	14269483	0.0713219674205	0.0713219674205	0.0713219674205	1.0
ITU	JPT	14269483	0.0713219674205	0.0808174298595	0.0691375120016	0.910645974262
ITU	KHV	14269483	0.0713219674205	0.0799587250184	0.0691098918634	0.915157041895
ITU	LWK	14269483	0.0713219674205	0.0654707213688	0.0541341671969	0.792202556474
ITU	MSL	14269483	0.0713219674205	0.0660994121134	0.0529488300447	0.771162517768
ITU	MXL	14269483	0.0713219674205	0.0717051438716	0.0670995448308	0.938280652145
ITU	PEL	14269483	0.0713219674205	0.079172802008	0.0676750966403	0.900594353236
ITU	PJL	14269483	0.0713219674205	0.0702936386634	0.0700385660442	0.989162346617
ITU	PUR	14269483	0.0713219674205	0.0659308684196	0.065112841592	0.949534160123
ITU	SAS	14269483	0.0713219674205	0.0704106064261	0.0706144147993	0.996466412298
ITU	STU	14269483	0.0713219674205	0.0712759139986	0.070739633537	0.992155514826
ITU	TSI	14269483	0.0713219674205	0.0706321107888	0.0668833988409	0.942335570576
ITU	YRI	14269483	0.0713219674205	0.06593087727	0.0529812979058	0.772621000753
JPT	JPT	14269483	0.0808174298595	0.0808174298595	0.0808174298595	1.0
JPT	KHV	14269483	0.0808174298595	0.0799587250184	0.0788113037441	0.980399461888
JPT	LWK	14269483	0.0808174298595	0.0654707213688	0.0542034847267	0.745162734195
JPT	MSL	14269483	0.0808174298595	0.0660994121134	0.0530439920329	0.725746391624
JPT	MXL	14269483	0.0808174298595	0.0717051438716	0.0696048062357	0.914348076436
JPT	PEL	14269483	0.0808174298595	0.079172802008	0.072347431999	0.904445901533
JPT	PJL	14269483	0.0808174298595	0.0702936386634	0.0684133225568	0.907674538477
JPT	PUR	14269483	0.0808174298595	0.0659308684196	0.0648134648722	0.887908724851
JPT	SAS	14269483	0.0808174298595	0.0704106064261	0.0691042529043	0.916079608871
JPT	STU	14269483	0.0808174298595	0.0712759139986	0.0692467370704	0.912379248707
JPT	TSI	14269483	0.0808174298595	0.0706321107888	0.0649992585253	0.860309646291
JPT	YRI	14269483	0.0808174298595	0.06593087727	0.0530919888205	0.727330918387
KHV	KHV	14269483	0.0799587250184	0.0799587250184	0.0799587250184	1.0
KHV	LWK	14269483	0.0799587250184	0.0654707213688	0.0542155084992	0.749319513014
KHV	MSL	14269483	0.0799587250184	0.0660994121134	0.0530624122634	0.729886382052
KHV	MXL	14269483	0.0799587250184	0.0717051438716	0.0690916398786	0.912467520782
KHV	PEL	14269483	0.0799587250184	0.079172802008	0.0716461516132	0.900475559617
KHV	PJL	14269483	0.0799587250184	0.0702936386634	0.068344121347	0.91161239576
KHV	PUR	14269483	0.0799587250184	0.0659308684196	0.0646064980457	0.889813258752
KHV	SAS	14269483	0.0799587250184	0.0704106064261	0.0690633815354	0.920440810516
KHV	STU	14269483	0.0799587250184	0.0712759139986	0.0692095889125	0.916773269143
KHV	TSI	14269483	0.0799587250184	0.0706321107888	0.0649056124344	0.863670785546
KHV	YRI	14269483	0.0799587250184	0.06593087727	0.0531112836097	0.731491763256
LWK	LWK	14269483	0.0654707213688	0.0654707213688	0.0654707213688	1.0
LWK	MSL	14269483	0.0654707213688	0.0660994121134	0.064091907747	0.974273382001
LWK	MXL	14269483	0.0654707213688	0.0717051438716	0.0535752566012	0.781925796175
LWK	PEL	14269483	0.0654707213688	0.079172802008	0.0535834955424	0.74425107543
LWK	PJL	14269483	0.0654707213688	0.0702936386634	0.0538482582901	0.793761600444
LWK	PUR	14269483	0.0654707213688	0.0659308684196	0.0545549355971	0.830359361527
LWK	SAS	14269483	0.0654707213688	0.0704106064261	0.0540355491476	0.795860524894
LWK	STU	14269483	0.0654707213688	0.0712759139986	0.0541793832499	0.793120355685
LWK	TSI	14269483	0.0654707213688	0.0706321107888	0.0529099934026	0.77805993368
LWK	YRI	14269483	0.0654707213688	0.06593087727	0.064356943233	0.979551824617
MSL	MSL	14269483	0.0660994121134	0.0660994121134	0.0660994121134	1.0
MSL	MXL	14269483	0.0660994121134	0.0717051438716	0.052446461458	0.761802226504
MSL	PEL	14269483	0.0660994121134	0.079172802008	0.0524749248384	0.725379067885
MSL	PJL	14269483	0.0660994121134	0.0702936386634	0.0526479101666	0.772368095651
MSL	PUR	14269483	0.0660994121134	0.0659308684196	0.0535633683697	0.811380719585
MSL	SAS	14269483	0.0660994121134	0.0704106064261	0.0528419360395	0.774570370911
MSL	STU	14269483	0.0660994121134	0.0712759139986	0.0530039640778	0.772214860541
MSL	TSI	14269483	0.0660994121134	0.0706321107888	0.0516253572771	0.755549946715
MSL	YRI	14269483	0.0660994121134	0.06593087727	0.0649798498579	0.984318115201
MXL	MXL	14269483	0.0717051438716	0.0717051438716	0.0717051438716	1.0
MXL	PEL	14269483	0.0717051438716	0.079172802008	0.0733186891038	0.973086680418
MXL	PJL	14269483	0.0717051438716	0.0702936386634	0.0671507039103	0.94583940085
MXL	PUR	14269483	0.0717051438716	0.0659308684196	0.0663582538416	0.965106844397
MXL	SAS	14269483	0.0717051438716	0.0704106064261	0.0671726779392	0.945362703046
MXL	STU	14269483	0.0717051438716	0.0712759139986	0.0670665180124	0.93812175146
MXL	TSI	14269483	0.0717051438716	0.0706321107888	0.0670516830205	0.942179032261
MXL	YRI	14269483	0.0717051438716	0.06593087727	0.0524889525766	0.763393263899
PEL	PEL	14269483	0.079172802008	0.079172802008	0.079172802008	1.0
PEL	PJL	14269483	0.079172802008	0.0702936386634	0.0675000046681	0.904810814816
PEL	PUR	14269483	0.079172802008	0.0659308684196	0.0665557685249	0.921198658566
PEL	SAS	14269483	0.079172802008	0.0704106064261	0.0677174654275	0.906971508974
PEL	STU	14269483	0.079172802008	0.0712759139986	0.0676677672292	0.900787687724
PEL	TSI	14269483	0.079172802008	0.0706321107888	0.0660466002149	0.883204690431
PEL	YRI	14269483	0.079172802008	0.06593087727	0.052514657411	0.726855534647
PJL	PJL	14269483	0.0702936386634	0.0702936386634	0.0702936386634	1.0
PJL	PUR	14269483	0.0702936386634	0.0659308684196	0.0653993884981	0.960663471247
PJL	SAS	14269483	0.0702936386634	0.0704106064261	0.0700156540782	0.99521770969
PJL	STU	14269483	0.0702936386634	0.0712759139986	0.069981699227	0.988678462445
PJL	TSI	14269483	0.0702936386634	0.0706321107888	0.067401269605	0.956552855259
PJL	YRI	14269483	0.0702936386634	0.06593087727	0.0526814947273	0.773847972598
PUR	PUR	14269483	0.0659308684196	0.0659308684196	0.0659308684196	1.0
PUR	SAS	14269483	0.0659308684196	0.0704106064261	0.0652082315345	0.957059595147
PUR	STU	14269483	0.0659308684196	0.0712759139986	0.0650644818724	0.949135418451
PUR	TSI	14269483	0.0659308684196	0.0706321107888	0.066885777246	0.980140393216
PUR	YRI	14269483	0.0659308684196	0.06593087727	0.053605834067	0.813061192034
SAS	SAS	14269483	0.0704106064261	0.0704106064261	0.0704106064261	1.0
SAS	STU	14269483	0.0704106064261	0.0712759139986	0.0705758405588	0.996243771786
SAS	TSI	14269483	0.0704106064261	0.0706321107888	0.0670208759762	0.95036397412
SAS	YRI	14269483	0.0704106064261	0.06593087727	0.0528811755416	0.77613564832
STU	STU	14269483	0.0712759139986	0.0712759139986	0.0712759139986	1.0
STU	TSI	14269483	0.0712759139986	0.0706321107888	0.0667945176797	0.941387284903
STU	YRI	14269483	0.0712759139986	0.06593087727	0.0530367370942	0.77367929211
TSI	TSI	14269483	0.0706321107888	0.0706321107888	0.0706321107888	1.0
TSI	YRI	14269483	0.0706321107888	0.06593087727	0.0516696767873	0.757164467691
YRI	YRI	14269483	0.06593087727	0.06593087727	0.06593087727	1.0
