All	All	6509859	0.0744894712687	0.0744894712687	0.0744894712687	1.0
All	Anhui	3887905	0.0756805173075	0.0741060353608	0.0744225774052	0.99376997413
All	Jilin	4830181	0.0754662188983	0.0741682200263	0.0743511008544	0.993807292914
All	Korea	60	0.156681174387	0.16463424784	0.157464064072	0.980421790604
Guangdong	Inner_Mongolia	3123168	0.0758123495154	0.0752613316649	0.0742259096382	0.982651680711
Guangdong	Jiangsu	3123763	0.0758106644824	0.076430836976	0.0752515474188	0.988589459234
Guangdong	Jiangxi	3123763	0.0758106644824	0.0763844717341	0.0752834547568	0.989308747849
Guangdong	Jilin	3116205	0.0758180426274	0.0754189074233	0.0742866302055	0.982390730401
Guangdong	Korea	60	0.157866122739	0.16463424784	0.158460315194	0.982914976084
Guangdong	Liaoning	3123763	0.0758106644824	0.0761284251642	0.0749681437029	0.986820545344
Guangdong	Ningxia	128956	0.0820340465781	0.0820914113729	0.0807278749706	0.9837337962
Guangdong	Qinghai	17640	0.0868098635203	0.0829002423471	0.0835436313868	0.984806512706
Guangdong	Shaanxi	3123763	0.0758106644824	0.0732061703823	0.0734839017962	0.986400337829
Guangdong	Shandong	3123763	0.0758106644824	0.0766518373648	0.0752604229474	0.987279724848
Guangdong	Shanghai	3123762	0.0758106847823	0.0756562122489	0.0748545654428	0.988395561505
Guangdong	Shanxi	3120772	0.075813323869	0.0739792422958	0.0735517377468	0.982121525158
Guangdong	Sichuan	3123763	0.0758106644824	0.0749445520773	0.074654429909	0.990422271231
Guangdong	Taiwan	3115251	0.0758086770373	0.0753999591351	0.074658238381	0.987490040357
Guangdong	Tianjin	3123763	0.0758106644824	0.0745722132265	0.074113765817	0.985701035793
Guangdong	Unknown	3123763	0.0758106644824	0.076452436233	0.0752839012023	0.988874777631
Guangdong	Xinjiang	2054801	0.0770511216703	0.0746211007536	0.0743850450632	0.980991675847
Guangdong	Yunnan	586491	0.0783149086191	0.0724958880352	0.0741349119281	0.983883927625
Guangdong	Zhejiang	3123743	0.0758105984125	0.0765863979492	0.0753061704464	0.988302237337
Guangxi	Guangxi	5935386	0.075091627228	0.075091627228	0.075091627228	1.0
All	Liaoning	6268650	0.0745352406269	0.0738428189012	0.0740573922253	0.998236516304
All	Ningxia	129019	0.0833248974324	0.0820848449756	0.0820939772478	0.992641462414
Guangxi	Guizhou	5709974	0.0752343728102	0.0737901248093	0.0737105747989	0.989287503057
Guangxi	Hainan	0	0	0	0	0
Guangxi	Hebei	5935363	0.0750916268745	0.0710943437901	0.0717557405666	0.982072091082
Guangxi	Heilongjiang	2980006	0.0775427139166	0.0775368928085	0.0759066360628	0.97893769167
Guangxi	Henan	5935385	0.0750916292927	0.0742309120279	0.0734606629569	0.983935616388
Guangxi	Hubei	531117	0.0791862807947	0.0751613336264	0.0758940190102	0.983751347497
Guangxi	Hunan	5932765	0.0750914842651	0.0740681543763	0.0738729308354	0.990545030906
Guangxi	Inner_Mongolia	5341381	0.0755070709215	0.0737104753387	0.0730575192361	0.979279139842
Guangxi	Jiangsu	5935384	0.0750915707788	0.0743465908986	0.0736585352161	0.985818477654
Guangxi	Jiangxi	5744940	0.0752057797251	0.0745173652412	0.0740146176695	0.988696838608
Guangxi	Jilin	4830181	0.0757897991087	0.0741682200262	0.0734117896031	0.979155133301
Guangxi	Korea	60	0.163398922348	0.16463424784	0.163561315527	0.997231317989
Guangxi	Liaoning	5935374	0.0750915975872	0.0740295103862	0.0733141227806	0.98330790809
Guangxi	Ningxia	129019	0.0832100178176	0.0820848449756	0.0811079493078	0.981395635856
Guangxi	Qinghai	17659	0.0874334976661	0.082879402906	0.0837654468292	0.984017170394
Guangxi	Shaanxi	5935202	0.0750919358188	0.0706255478613	0.0715901588774	0.983050347842
Guangxi	Shandong	5935386	0.075091627228	0.0745772071347	0.0736302174465	0.983914288819
Guangxi	Shanghai	5882281	0.0751122394248	0.0736402926162	0.0733032526468	0.985621430444
Guangxi	Shanxi	4940889	0.0757526587869	0.0727338918137	0.0726565774786	0.978830702148
Guangxi	Sichuan	5934699	0.0750923413564	0.0726319337195	0.0730714756646	0.989432682501
All	Qinghai	17659	0.0882908793735	0.082879402906	0.0848180392561	0.991532606737
All	Shaanxi	6134955	0.0746152271607	0.0702206847277	0.0720807040817	0.995801457098
Guangxi	Taiwan	4844969	0.0756539022248	0.074035147031	0.0739055397271	0.987511937868
Guangxi	Tianjin	5934241	0.0750939152811	0.0722888085355	0.0723251241182	0.981637814932
Guangxi	Unknown	5933844	0.0750928018126	0.0743558728055	0.0737008030422	0.986314522356
Guangxi	Xinjiang	2243284	0.07806573092	0.0743670821158	0.0746281967922	0.979450206321
Guangxi	Yunnan	588498	0.079541601279	0.0724733862003	0.0746882445563	0.983707110254
Guangxi	Zhejiang	5668138	0.0751955217135	0.0747172152171	0.0739194459033	0.986171337526
Guizhou	Guizhou	5710524	0.073789113652	0.073789113652	0.073789113652	1.0
Guizhou	Hainan	0	0	0	0	0
Guizhou	Hebei	5710524	0.073789113652	0.0713559666806	0.07187246823	0.990492669461
Guizhou	Heilongjiang	2980006	0.0761839421525	0.0775368928085	0.0758465502236	0.986847203793
Guizhou	Henan	5710524	0.073789113652	0.074387358431	0.0734859213441	0.991878389934
Guizhou	Hubei	531117	0.077850212892	0.0751613336264	0.0756382614912	0.988813523167
Guizhou	Hunan	5710469	0.0737891727388	0.074305512463	0.0735637353617	0.993474983756
Guizhou	Inner_Mongolia	5338764	0.0741170243209	0.0737125821798	0.0729820440023	0.987384311784
Guizhou	Jiangsu	5710524	0.073789113652	0.07449668883	0.073615445206	0.99289725742
Guizhou	Jiangxi	5678476	0.0738187414807	0.0745638453203	0.0735656651235	0.991579864254
Guizhou	Jilin	4830141	0.0744217757086	0.0741683790402	0.0733405454279	0.987153586265
Guizhou	Korea	60	0.161802330351	0.16463424784	0.162156633303	0.993532872395
Guizhou	Liaoning	5710524	0.073789113652	0.0741760280392	0.0733496776943	0.991448764611
Guizhou	Ningxia	129019	0.0820215443442	0.0820848449756	0.0810893441091	0.988253418745
All	Shandong	6431304	0.074480167855	0.0743440268071	0.0743467038093	0.999121615749
All	Shanghai	6008194	0.0746721082384	0.0735790428984	0.0739062153212	0.99706779589
Guizhou	Qinghai	17659	0.0864774940287	0.082879402906	0.0837435565728	0.989182778011
Guizhou	Shaanxi	5710524	0.073789113652	0.0709129791267	0.0716612889722	0.990662225154
Guizhou	Shandong	5710524	0.073789113652	0.0747272740751	0.0736743945237	0.992158045447
Guizhou	Shanghai	5689908	0.0737965929117	0.0737553267045	0.0731574112525	0.99161589092
Guizhou	Shanxi	4940808	0.074378729227	0.0727338278316	0.0725928471353	0.986963815995
Guizhou	Sichuan	5710524	0.073789113652	0.0729014158692	0.0728578415093	0.993372589693
Guizhou	Taiwan	4844499	0.0742785693018	0.0740358595195	0.0733708634499	0.989397488514
Guizhou	Tianjin	5710520	0.0737891320735	0.072596223133	0.072467614284	0.990126649081
Guizhou	Unknown	5710485	0.0737892243953	0.0744997856352	0.0735915391579	0.992553447
Guizhou	Xinjiang	2243284	0.0766934546035	0.0743670821158	0.0744908221957	0.986354991348
Guizhou	Yunnan	588498	0.0782147050837	0.0724733862003	0.0743791823777	0.987911218526
Guizhou	Zhejiang	5576235	0.0738383257827	0.0747823402373	0.073633577334	0.990912835415
Hainan	Hainan	0	0	0	0	0
Hainan	Hebei	0	0	0	0	0
Hainan	Heilongjiang	0	0	0	0	0
Hainan	Henan	0	0	0	0	0
Hainan	Hubei	0	0	0	0	0
Hainan	Hunan	0	0	0	0	0
Hainan	Inner_Mongolia	0	0	0	0	0
Hainan	Jiangsu	0	0	0	0	0
All	Shanxi	4940889	0.0754203252658	0.0727338918137	0.0735929125004	0.993626984053
All	Sichuan	6141997	0.0746013168171	0.0721982149245	0.0730622510872	0.995535089704
Hainan	Jiangxi	0	0	0	0	0
Hainan	Jilin	0	0	0	0	0
Hainan	Korea	0	0	0	0	0
Hainan	Liaoning	0	0	0	0	0
Hainan	Ningxia	0	0	0	0	0
Hainan	Qinghai	0	0	0	0	0
Hainan	Shaanxi	0	0	0	0	0
Hainan	Shandong	0	0	0	0	0
Hainan	Shanghai	0	0	0	0	0
Hainan	Shanxi	0	0	0	0	0
Hainan	Sichuan	0	0	0	0	0
Hainan	Taiwan	0	0	0	0	0
Hainan	Tianjin	0	0	0	0	0
Hainan	Unknown	0	0	0	0	0
Hainan	Xinjiang	0	0	0	0	0
Hainan	Yunnan	0	0	0	0	0
Hainan	Zhejiang	0	0	0	0	0
Hebei	Hebei	6250707	0.070339628162	0.070339628162	0.070339628162	1.0
Hebei	Heilongjiang	2980006	0.074266653958	0.0775368928085	0.0752258430219	0.991324724592
Hebei	Henan	6249859	0.0703424236884	0.0739578416318	0.0717415234539	0.994648922744
All	Taiwan	4844969	0.0753210485474	0.074035147031	0.0740872953391	0.992125450061
All	Tianjin	6098645	0.0746434291344	0.0719357926961	0.0729728216273	0.995847485559
Hebei	Hubei	531117	0.0768244936047	0.0751613336264	0.0752299335187	0.990019129344
Hebei	Hunan	6155963	0.0706188216181	0.073674023642	0.0714669908139	0.990804723463
Hebei	Inner_Mongolia	5341390	0.071728068868	0.0737104295738	0.0721699636827	0.992538693346
Hebei	Jiangsu	6250699	0.0703396581039	0.0741002463451	0.0718108660117	0.994672730709
Hebei	Jiangxi	5746136	0.071315712435	0.0745164535682	0.0722543901291	0.991164042655
Hebei	Jilin	4830181	0.0721377656204	0.0741682200262	0.072563101331	0.992031733265
Hebei	Korea	60	0.158346985892	0.16463424784	0.158353179079	0.980757852849
Hebei	Liaoning	6242190	0.0703666145872	0.0738581143207	0.0716865992989	0.994387238915
Hebei	Ningxia	129019	0.0815809909661	0.0820848449756	0.0811516748321	0.991679893669
Hebei	Qinghai	17659	0.0870309482509	0.082879402906	0.0841761914874	0.991126545094
Hebei	Shaanxi	6134765	0.0707108238639	0.0702207329351	0.0699773626609	0.99307475735
Hebei	Shandong	6250707	0.070339628162	0.0744071538707	0.0720011520642	0.995249722143
Hebei	Shanghai	6008052	0.0708993166364	0.0735789712008	0.0717517133814	0.993423423894
Hebei	Shanxi	4940889	0.072065991935	0.0727338918137	0.0718126875923	0.99189929829
Hebei	Sichuan	6141603	0.0706754775243	0.0721991017834	0.0708233738124	0.991462604465
Hebei	Taiwan	4844969	0.0719723486547	0.074035147031	0.072131437764	0.98814978321
Hebei	Tianjin	6098572	0.0708052561618	0.0719358652484	0.0709084019674	0.993555685663
Hebei	Unknown	6207590	0.0704645571854	0.074208191252	0.0718512117823	0.993625687131
Hebei	Xinjiang	2243284	0.0749194244098	0.0743670821158	0.0738871343821	0.989877006727
Hebei	Yunnan	588498	0.0771977450506	0.0724733862003	0.0739130140986	0.988164684044
All	Unknown	6229455	0.0745571284877	0.0741954372859	0.0742294976742	0.998029401615
All	Xinjiang	2243284	0.077809385806	0.0743670821158	0.0754194243196	0.991463769427
Hebei	Zhejiang	5682355	0.0712884405382	0.0747068683434	0.0724093930181	0.992213390934
Heilongjiang	Heilongjiang	2980006	0.0775368928085	0.0775368928085	0.0775368928085	1.0
Heilongjiang	Henan	2980006	0.0775368928085	0.0767852590544	0.0765602384946	0.99222497454
Heilongjiang	Hubei	516645	0.0792447354453	0.0752797481792	0.0761107336021	0.985420559916
Heilongjiang	Hunan	2980006	0.0775368928085	0.0767919468597	0.0762904281911	0.988685162837
Heilongjiang	Inner_Mongolia	2979900	0.0775372215201	0.0757371548798	0.0757536798918	0.988539719624
Heilongjiang	Jiangsu	2980006	0.0775368928085	0.0769171437872	0.0766291933252	0.992266850346
Heilongjiang	Jiangxi	2980006	0.0775368928085	0.0768562974571	0.0762327539709	0.98752405511
Heilongjiang	Jilin	2972253	0.0775402260718	0.07589790666	0.0757855337659	0.987888394382
Heilongjiang	Korea	60	0.161448312239	0.16463424784	0.161937171642	0.993275453743
Heilongjiang	Liaoning	2980006	0.0775368928085	0.0766147936123	0.0764650639234	0.992093356271
Heilongjiang	Ningxia	128893	0.0832698802063	0.0821019245362	0.0816671437485	0.987703807745
Heilongjiang	Qinghai	17657	0.0875648655363	0.0828824244246	0.084221037499	0.988608684848
Heilongjiang	Shaanxi	2980006	0.0775368928085	0.0736886636078	0.0748766897004	0.990585802477
Heilongjiang	Shandong	2980006	0.0775368928085	0.077148417494	0.076781966317	0.992753717896
Heilongjiang	Shanghai	2979932	0.0775364122134	0.0761308482449	0.0760903489402	0.990367524271
Heilongjiang	Shanxi	2975027	0.0775434558513	0.0744574625314	0.0750562250802	0.987779539472
Heilongjiang	Sichuan	2980006	0.0775368928085	0.0753973570521	0.0756405531074	0.989287309439
Heilongjiang	Taiwan	2945922	0.0775350703232	0.0758713611818	0.0754886433793	0.984223182553
Heilongjiang	Tianjin	2980006	0.0775368928085	0.0750429530948	0.0755893838944	0.990949792127
All	Yunnan	588498	0.0793541234624	0.0724733862003	0.0751165787966	0.990516634776
All	Zhejiang	5682355	0.0748246012504	0.0747068683434	0.0744412984003	0.995660935803
Heilongjiang	Unknown	2980006	0.0775368928085	0.0769208495966	0.0765549050915	0.991281017147
Heilongjiang	Xinjiang	2005778	0.0784794636684	0.0747967090735	0.075482020748	0.985199675267
Heilongjiang	Yunnan	576705	0.0796660357396	0.0726056946812	0.0748014990922	0.983531685443
Heilongjiang	Zhejiang	2978808	0.077535216044	0.0770675093114	0.0764216463337	0.988624176753
Henan	Henan	6301805	0.0738945935025	0.0738945935025	0.0738945935025	1.0
Henan	Hubei	531117	0.0784395422494	0.0751613336264	0.0760754320174	0.99078554834
Henan	Hunan	6157944	0.0740412580555	0.0736691542082	0.0733205453981	0.992763840069
Henan	Inner_Mongolia	5341390	0.0746741392954	0.0737104295738	0.0737137024078	0.993570391732
Henan	Jiangsu	6301455	0.0738948164439	0.0740380436619	0.0737735370309	0.997392621972
Henan	Jiangxi	5746136	0.0743582152346	0.0745164535682	0.0738846497107	0.992575728839
Henan	Jilin	4830181	0.0749744872775	0.0741682200263	0.074053251348	0.993066772253
Henan	Korea	60	0.156728546315	0.16463424784	0.157481220679	0.980380417294
Henan	Liaoning	6265140	0.0739354040255	0.073844925084	0.0736728654811	0.99705934793
Henan	Ningxia	129019	0.0828619586751	0.0820848449756	0.08182049522	0.992094438715
Henan	Qinghai	17659	0.0880980579328	0.082879402906	0.0846760057093	0.990954899713
Henan	Shaanxi	6134937	0.0740818882772	0.0702206648016	0.0717364035796	0.994606080332
Henan	Shandong	6301805	0.0738945935025	0.0743816806429	0.0739938467481	0.998059148966
Henan	Shanghai	6008185	0.0741550614097	0.07357903177	0.0735174216638	0.9952744005
Henan	Shanxi	4940889	0.0749280032447	0.0727338918137	0.0733015735389	0.992939539312
Henan	Sichuan	6141981	0.0740624124746	0.0721982321661	0.0726231145067	0.993145001269
Anhui	Anhui	3887905	0.0741060353608	0.0741060353608	0.0741060353608	1.0
Anhui	Beijing	3887905	0.0741060353608	0.0724207477162	0.072614384919	0.991207024485
Henan	Taiwan	4844969	0.0748280644564	0.074035147031	0.0736503061297	0.98951715737
Henan	Tianjin	6098644	0.074123424122	0.0719358042917	0.072649890769	0.994912018545
Henan	Unknown	6224387	0.0739745722013	0.074197419463	0.0738047279271	0.996204620986
Henan	Xinjiang	2243284	0.0773093560089	0.0743670821158	0.0751195298519	0.990709807952
Henan	Yunnan	588498	0.0788444088061	0.0724733862003	0.0747563478836	0.988947755409
Henan	Zhejiang	5682355	0.0743349527822	0.0747068683434	0.0740462868294	0.993634092914
Hubei	Hubei	531117	0.0751613336264	0.0751613336264	0.0751613336264	1.0
Hubei	Hunan	531117	0.0751613336264	0.0787057322941	0.0762088959573	0.990843921112
Hubei	Inner_Mongolia	531116	0.0751608581264	0.0773461897643	0.0752639289481	0.987123653557
Hubei	Jiangsu	531117	0.0751613336264	0.07863477291	0.0762225307924	0.991468240852
Hubei	Jiangxi	531117	0.0751613336264	0.0784802836764	0.0759853449553	0.989355377378
Hubei	Jilin	531116	0.075161425371	0.0774457801278	0.0753120888774	0.987116270287
Hubei	Korea	60	0.145907256484	0.16463424784	0.147988478684	0.954837282359
Hubei	Liaoning	531117	0.0751613336264	0.0784080273058	0.0760500680058	0.990654243807
Hubei	Ningxia	97765	0.0795350516624	0.0823101939516	0.0797481440767	0.985631304346
Hubei	Qinghai	13292	0.0841917425224	0.0826711940114	0.0821727749152	0.984954341533
Hubei	Shaanxi	531117	0.0751613336264	0.0761069460211	0.0748623714626	0.989815371866
Hubei	Shandong	531117	0.0751613336264	0.0788192810998	0.0762816626145	0.991075355305
Hubei	Shanghai	531117	0.0751613336264	0.0779471812301	0.0758459926965	0.990912242108
Hubei	Shanxi	531116	0.0751613369461	0.0759449339271	0.0745641250842	0.986923007985
Anhui	Chongqing	3887905	0.0741060353608	0.0748287758524	0.0738268953615	0.991410457367
Anhui	Fujian	136163	0.0779954637052	0.0754359207655	0.0757211875092	0.987173858417
Hubei	Sichuan	531117	0.0751613336264	0.077393205979	0.0755663082667	0.990785285652
Hubei	Taiwan	531117	0.0751613336264	0.0773329700488	0.0752616524451	0.987175039418
Hubei	Tianjin	531117	0.0751613336264	0.0768375530038	0.0751922470917	0.989439085546
Hubei	Unknown	531117	0.0751613336264	0.0787087920894	0.0762486026726	0.991340905551
Hubei	Xinjiang	482964	0.0756555960542	0.075971828773	0.0745988327187	0.983977602271
Hubei	Yunnan	345916	0.0761079518054	0.0731101556784	0.0733938685882	0.983911209356
Hubei	Zhejiang	531117	0.0751613336264	0.0787618103725	0.0761842155073	0.99017034681
Hunan	Hunan	6158083	0.0736689922236	0.0736689922236	0.0736689922236	1.0
Hunan	Inner_Mongolia	5341355	0.0746160061252	0.0737104706138	0.0733721454149	0.989351522412
Hunan	Jiangsu	6158082	0.0736689971146	0.0741795998872	0.0734808859174	0.994007729737
Hunan	Jiangxi	5746013	0.0742711354091	0.0745165059971	0.0739409929997	0.993914452135
Hunan	Jilin	4830181	0.0749455369749	0.0741682200262	0.0737637099519	0.989375007379
Hunan	Korea	60	0.148272865215	0.16463424784	0.149785853156	0.958693682569
Hunan	Liaoning	6157734	0.0736701779351	0.0738986572076	0.0732286960292	0.992469497106
Hunan	Ningxia	129013	0.0830033786151	0.0820858585337	0.0816773456204	0.989508565141
Hunan	Qinghai	17659	0.087900613763	0.082879402906	0.0843365308772	0.988089927348
Hunan	Shaanxi	6111969	0.0737857913792	0.0702679247715	0.0713728279032	0.991215240368
Hunan	Shandong	6158083	0.0736689922236	0.0744466206975	0.0735520274606	0.993184171822
Hunan	Shanghai	6007446	0.0739623922935	0.0735792536287	0.0733014126033	0.993640260673
Hunan	Shanxi	4940889	0.0748978558787	0.0727338918137	0.0730002865509	0.989057314647
All	Beijing	6267960	0.0745442034458	0.0700319154297	0.071938357643	0.995647429914
All	Chongqing	6260367	0.0745448610255	0.0731104576634	0.0735560545394	0.996368112766
Anhui	Gansu	6046	0.0882038555657	0.0809664759984	0.0833817554179	0.98667615015
Anhui	Guangdong	2950586	0.0751744423855	0.0758051348385	0.0742774330003	0.983948722738
Hunan	Sichuan	6125719	0.0737517605084	0.0722394589374	0.0725384026158	0.993789833407
Hunan	Taiwan	4844969	0.0748112474996	0.074035147031	0.0738206673527	0.991917487588
Hunan	Tianjin	6074401	0.073852280474	0.0719813102932	0.0722347404408	0.990727658286
Hunan	Unknown	6155744	0.0736759370393	0.0742302139433	0.073495020401	0.993813117151
Hunan	Xinjiang	2243284	0.077355434085	0.0743670821158	0.0749173269333	0.987748749688
Hunan	Yunnan	588498	0.0790618014675	0.0724733862003	0.0748925718792	0.989386807743
Hunan	Zhejiang	5682355	0.0742721898262	0.0747068683434	0.0740112290579	0.993583192166
Inner_Mongolia	Inner_Mongolia	5341390	0.0737104295738	0.0737104295738	0.0737104295738	1.0
Inner_Mongolia	Jiangsu	5341390	0.0737104295738	0.0747836813408	0.0737553946119	0.993403989457
Inner_Mongolia	Jiangxi	5340102	0.0737121309026	0.0748123883366	0.073365929274	0.987957312271
Inner_Mongolia	Jilin	4807292	0.0740292711159	0.0741969464705	0.0732889410943	0.988880228877
Inner_Mongolia	Korea	60	0.159810019034	0.16463424784	0.160694998173	0.990695671474
Inner_Mongolia	Liaoning	5341390	0.0737104295738	0.0744631957467	0.0735933226059	0.993351848764
Inner_Mongolia	Ningxia	129017	0.0816089435715	0.0820851137067	0.0809954550115	0.989599733072
Inner_Mongolia	Qinghai	17659	0.0865309991818	0.082879402906	0.0838540320422	0.990181445376
Inner_Mongolia	Shaanxi	5341390	0.0737104295738	0.0712796936989	0.0718852478165	0.991727579089
Inner_Mongolia	Shandong	5341390	0.0737104295738	0.0750167800165	0.0739218405219	0.994097750407
Inner_Mongolia	Shanghai	5328350	0.0737133339772	0.0740239839769	0.0732108565376	0.991097163534
Inner_Mongolia	Shanxi	4898112	0.0740056237426	0.0727783110998	0.0725710068208	0.988848593457
Inner_Mongolia	Sichuan	5341390	0.0737104295738	0.0732224238127	0.0727412498591	0.990134600774
Anhui	Guangxi	3887905	0.0741060353608	0.0760076744251	0.0736834479658	0.981780559128
Anhui	Guizhou	3887773	0.0741062416113	0.0746391105418	0.0735033784047	0.988317940799
Inner_Mongolia	Taiwan	4768464	0.0739483940267	0.0741169927996	0.0728982353771	0.984676894433
Inner_Mongolia	Tianjin	5341390	0.0737104295738	0.0729437461169	0.0727499794791	0.992143228023
Inner_Mongolia	Unknown	5341380	0.0737104676294	0.0747842107232	0.0736717915527	0.99227418004
Inner_Mongolia	Xinjiang	2243240	0.0762325408694	0.0743670162893	0.0743653067059	0.987665757879
Inner_Mongolia	Yunnan	588498	0.0777290325357	0.0724733862003	0.0739641384429	0.985462936396
Inner_Mongolia	Zhejiang	5263517	0.0737199483859	0.0750225693296	0.0735544625514	0.989055240767
Jiangsu	Jiangsu	6356354	0.0739712700495	0.0739712700495	0.0739712700495	1.0
Jiangsu	Jiangxi	5746136	0.0744677571456	0.0745164535682	0.0740239563443	0.993715507755
Jiangsu	Jilin	4830181	0.0750922442898	0.0741682200262	0.0741162514845	0.993132000511
Jiangsu	Korea	60	0.15734724939	0.16463424784	0.157450609592	0.978260857651
Jiangsu	Liaoning	6268637	0.0740746128878	0.073842868456	0.0737539028217	0.997231600616
Jiangsu	Ningxia	129019	0.0829843850944	0.0820848449756	0.0818804090455	0.992088287182
Jiangsu	Qinghai	17659	0.0879011306373	0.082879402906	0.0845932788988	0.991095082783
Jiangsu	Shaanxi	6134944	0.0742156898661	0.0702207030611	0.071812429335	0.994761955988
Jiangsu	Shandong	6356354	0.0739712700495	0.0743634107442	0.0740273689288	0.998116249185
Jiangsu	Shanghai	6008194	0.074284301894	0.0735790428984	0.073637358859	0.996030444079
Jiangsu	Shanxi	4940889	0.0750438763979	0.0727338918137	0.0733536838419	0.992877996508
Jiangsu	Sichuan	6141996	0.0741986507647	0.0721982264118	0.0727595110285	0.994096404947
Jiangsu	Taiwan	4844969	0.0749450680766	0.074035147031	0.0738066102623	0.990842802476
Jiangsu	Tianjin	6098645	0.0742505523925	0.0719357926961	0.0727188329522	0.995003341104
Anhui	Hainan	0	0	0	0	0
Anhui	Hebei	3887905	0.0741060353608	0.0724965781813	0.0726699872755	0.99144708506
Jiangsu	Unknown	6229390	0.0741128985436	0.0741955891498	0.0739195873904	0.996835717629
Jiangsu	Xinjiang	2243284	0.0774456119925	0.0743670821158	0.0751716312647	0.990524440445
Jiangsu	Yunnan	588498	0.0790272156204	0.0724733862003	0.074885057503	0.989503991797
Jiangsu	Zhejiang	5682355	0.0744483295067	0.0747068683434	0.0741769465006	0.994629205057
Jiangxi	Jiangxi	5746136	0.0745164535682	0.0745164535682	0.0745164535682	1.0
Jiangxi	Jilin	4830166	0.07509605248	0.0741682648417	0.0737279953167	0.987904154662
Jiangxi	Korea	60	0.163054869139	0.16463424784	0.162861789496	0.99401336649
Jiangxi	Liaoning	5746136	0.0745164535682	0.0741469760566	0.0737524662616	0.992210313298
Jiangxi	Ningxia	129019	0.0826960457222	0.0820848449756	0.0814569380103	0.988676514756
Jiangxi	Qinghai	17659	0.0872372066008	0.082879402906	0.0841248387413	0.989350238011
Jiangxi	Shaanxi	5746136	0.0745164535682	0.0708712794315	0.0720295285744	0.991172735066
Jiangxi	Shandong	5746136	0.0745164535682	0.0746971625789	0.0740804772594	0.992945999158
Jiangxi	Shanghai	5723267	0.074521267225	0.0737285990727	0.0735608696665	0.992404553616
Jiangxi	Shanxi	4940861	0.0750549385052	0.0727339126646	0.0729699891389	0.987611570922
Jiangxi	Sichuan	5746135	0.074516466422	0.072861898984	0.0732053321596	0.993496511113
Jiangxi	Taiwan	4844807	0.0749568710268	0.0740355840617	0.0737647201079	0.990199541342
Jiangxi	Tianjin	5746122	0.0745164692815	0.0725517996463	0.0728482266955	0.990760663022
Jiangxi	Unknown	5746076	0.0745165314433	0.0744712466275	0.0739906063515	0.993244019442
Jiangxi	Xinjiang	2243284	0.0773692420973	0.0743670821158	0.0748348040899	0.986572677769
Jiangxi	Yunnan	588498	0.0788945147988	0.0724733862003	0.0746970057547	0.987848880086
Anhui	Heilongjiang	2706724	0.0756455431884	0.077506334397	0.0755743879618	0.986993669115
Anhui	Henan	3887905	0.0741060353608	0.0751789940503	0.074082506881	0.992523104378
Jiangxi	Zhejiang	5598687	0.0745518078844	0.0747606418169	0.0740397145689	0.991742981043
Jilin	Jilin	4830181	0.0741682200263	0.0741682200263	0.0741682200263	1.0
Jilin	Korea	60	0.150374161338	0.16463424784	0.150736497029	0.958013694949
Jilin	Liaoning	4830181	0.0741682200263	0.0747734458149	0.0739479654733	0.992987094397
Jilin	Ningxia	129003	0.0816603701271	0.082088429893	0.0809635565187	0.988878491304
Jilin	Qinghai	17659	0.0869263264591	0.082879402906	0.0838103980772	0.987413210649
Jilin	Shaanxi	4830181	0.0741682200263	0.0716569701554	0.0722568757986	0.991153756022
Jilin	Shandong	4830181	0.0741682200263	0.0753231722843	0.0742725904566	0.993700119361
Jilin	Shanghai	4829595	0.0741677524561	0.0743173461338	0.0735839623149	0.99112975453
Jilin	Shanxi	4680653	0.0742963679716	0.0728970926308	0.0727220805964	0.988160296074
Jilin	Sichuan	4830181	0.0741682200263	0.0735508340019	0.0731156233253	0.989936774273
Jilin	Taiwan	4556668	0.0742606867579	0.0742627936592	0.0731180222472	0.984598826384
Jilin	Tianjin	4830181	0.0741682200263	0.0732546341308	0.0730940387397	0.991643293384
Jilin	Unknown	4830181	0.0741682200263	0.0750946594563	0.0740401547673	0.992096376856
Jilin	Xinjiang	2239806	0.0763866628283	0.0743685634618	0.0743382591919	0.986299747751
Jilin	Yunnan	588496	0.0778062716266	0.0724734260188	0.0739759376359	0.985130533464
Jilin	Zhejiang	4818483	0.0741636088798	0.0752912160864	0.0739197707959	0.9892203187
Korea	Korea	60	0.16463424784	0.16463424784	0.16463424784	1.0
Korea	Liaoning	60	0.16463424784	0.149549336775	0.151042136061	0.962599831349
Korea	Ningxia	60	0.16463424784	0.160067920645	0.161242289331	0.993268612974
Anhui	Hubei	531102	0.0773068960623	0.0751605937982	0.0752987750854	0.98783336775
Anhui	Hunan	3887905	0.0741060353608	0.0752136968622	0.0739673356592	0.990751453415
Korea	Qinghai	60	0.16463424784	0.163417227673	0.163677419841	0.997883310468
Korea	Shaanxi	60	0.16463424784	0.159892357651	0.161051894932	0.992640279272
Korea	Shandong	60	0.16463424784	0.154360789774	0.154450143733	0.968857105985
Korea	Shanghai	60	0.16463424784	0.138491695152	0.1314302822	0.870409220345
Korea	Shanxi	60	0.16463424784	0.157387548879	0.158864036367	0.986916284214
Korea	Sichuan	60	0.16463424784	0.15774821502	0.159147725412	0.987547780196
Korea	Taiwan	60	0.16463424784	0.158253725652	0.158604280977	0.982602448398
Korea	Tianjin	60	0.16463424784	0.158249498447	0.157835584354	0.977853195762
Korea	Unknown	60	0.16463424784	0.142339898212	0.144636155378	0.944829515581
Korea	Xinjiang	60	0.16463424784	0.16374542254	0.163777979608	0.997495242984
Korea	Yunnan	60	0.16463424784	0.149683321972	0.150639714505	0.959605405
Korea	Zhejiang	60	0.16463424784	0.140549736985	0.13245835565	0.870771585233
Liaoning	Liaoning	6268650	0.0738428189012	0.0738428189012	0.0738428189012	1.0
Liaoning	Ningxia	129019	0.0828734548319	0.0820848449756	0.0818099362937	0.991897604147
Liaoning	Qinghai	17659	0.0882768735438	0.082879402906	0.0846471125296	0.989612949352
Liaoning	Shaanxi	6134668	0.073921360475	0.0702204591118	0.0716321556931	0.994239957648
Liaoning	Shandong	6268650	0.0738428189012	0.0743940883416	0.073964635153	0.997931594651
Liaoning	Shanghai	6008189	0.0739790052001	0.0735789477907	0.0734258714716	0.995217673394
Liaoning	Shanxi	4940889	0.0747263092088	0.0727338918137	0.073187710388	0.99273419475
Liaoning	Sichuan	6141936	0.0739087881401	0.0721981968898	0.0725209219751	0.99277789882
Anhui	Inner_Mongolia	3856148	0.074158953664	0.0742497074171	0.0733278552124	0.988188538171
Anhui	Jiangsu	3887905	0.0741060353608	0.0753131648177	0.0741860813772	0.993025024434
Liaoning	Taiwan	4844969	0.0746307850266	0.074035147031	0.0735315945816	0.989227104729
Liaoning	Tianjin	6098133	0.0739498711691	0.0719364112684	0.0725493097213	0.994695583637
Liaoning	Unknown	6219070	0.0738702966589	0.0742014410661	0.0737472436441	0.9961040398
Liaoning	Xinjiang	2243284	0.0771569729938	0.0743670821158	0.0750207896279	0.990384123105
Liaoning	Yunnan	588498	0.0787876266905	0.0724733862003	0.074710269606	0.988694271046
Liaoning	Zhejiang	5682355	0.0741307341312	0.0747068683434	0.0739360983162	0.993521140022
Ningxia	Ningxia	129019	0.0820848449756	0.0820848449756	0.0820848449756	1.0
Ningxia	Qinghai	12252	0.0865867117892	0.0825810444143	0.0835325431729	0.987847476226
Ningxia	Shaanxi	129019	0.0820848449756	0.08077738458	0.0807157153385	0.991246610204
Ningxia	Shandong	129019	0.0820848449756	0.0832682534773	0.082041290527	0.992341752014
Ningxia	Shanghai	129006	0.082088107382	0.0823314981395	0.081444123724	0.990687366022
Ningxia	Shanxi	129003	0.082088429893	0.0800568520791	0.0801718761548	0.988967040096
Ningxia	Sichuan	129019	0.0820848449756	0.0817042822928	0.0810894865652	0.9901720194
Ningxia	Taiwan	129003	0.082088429893	0.0814535245427	0.0806394583656	0.98616977318
Ningxia	Tianjin	129019	0.0820848449756	0.0811857325343	0.0809032650344	0.991048026215
Ningxia	Unknown	129019	0.0820848449756	0.0831156574368	0.0818905659902	0.991427496071
Ningxia	Xinjiang	128032	0.0820990908105	0.0794843005954	0.0796799458636	0.986368462521
Ningxia	Yunnan	105094	0.0823138440191	0.0765662910562	0.0781167991978	0.98398662037
Ningxia	Zhejiang	129005	0.0820880560411	0.083188513036	0.0817675528703	0.98948527154
Qinghai	Qinghai	17659	0.082879402906	0.082879402906	0.082879402906	1.0
Anhui	Jiangxi	3887874	0.0741061238104	0.075304377591	0.0738869932475	0.989078663366
Anhui	Jilin	3795157	0.0742202673769	0.0744689181474	0.0734482936237	0.987945371621
Qinghai	Shaanxi	17659	0.082879402906	0.0859526413694	0.0836786184323	0.991428914555
Qinghai	Shandong	17659	0.082879402906	0.0884737584576	0.084823661576	0.990572963845
Qinghai	Shanghai	17659	0.082879402906	0.0877585073252	0.0841297777617	0.986465318012
Qinghai	Shanxi	17659	0.082879402906	0.0846518693696	0.0828458978001	0.989075457071
Qinghai	Sichuan	17659	0.082879402906	0.0866734730629	0.0838986563359	0.989893788346
Qinghai	Taiwan	17657	0.0828873565637	0.0857029370598	0.0831695311181	0.98678435564
Qinghai	Tianjin	17659	0.082879402906	0.0865049253645	0.0838714264387	0.990536092371
Qinghai	Unknown	17659	0.082879402906	0.0884054770336	0.0846149234454	0.988516842057
Qinghai	Xinjiang	17572	0.0828305501888	0.0836062582289	0.0822532697075	0.988413126312
Qinghai	Yunnan	14674	0.0827606457013	0.0816125375565	0.0809085246148	0.984473217875
Qinghai	Zhejiang	17659	0.082879402906	0.0884199193979	0.0843639892397	0.985504799077
Shaanxi	Shaanxi	6134955	0.0702206847277	0.0702206847277	0.0702206847277	1.0
Shaanxi	Shandong	6134955	0.0702206847277	0.0744710620839	0.071967174986	0.995194921894
Shaanxi	Shanghai	5996897	0.0704531819323	0.0735863620324	0.0714953476364	0.992953268413
Shaanxi	Shanxi	4940889	0.0715955692237	0.0727338918137	0.0715445059512	0.991436269911
Shaanxi	Sichuan	6112614	0.0702690181755	0.0722823648397	0.0706761657916	0.991687551662
Shaanxi	Taiwan	4844969	0.0715062831314	0.074035147031	0.0719143080848	0.988380645857
Shaanxi	Tianjin	6084956	0.0703448968482	0.071968861191	0.0706233525887	0.992566735665
Shaanxi	Unknown	6124986	0.0702407046832	0.0742568626016	0.0717697098763	0.99375302263
Shaanxi	Xinjiang	2243284	0.0743213288909	0.0743670821158	0.073565813089	0.989529931402
Anhui	Korea	60	0.138339352889	0.16463424784	0.136323359808	0.903311042462
Anhui	Liaoning	3887905	0.0741060353608	0.0750039738486	0.0739898998417	0.992438292604
Shaanxi	Yunnan	588498	0.0764547791847	0.0724733862003	0.0735694159706	0.988338498164
Shaanxi	Zhejiang	5682319	0.070833333705	0.0747068726473	0.0721499657485	0.991829474096
Shandong	Shandong	6431304	0.0743440268071	0.0743440268071	0.0743440268071	1.0
Shandong	Shanghai	6008194	0.0745264776168	0.0735790428984	0.0737525305042	0.995966110404
Shandong	Shanxi	4940889	0.0752750473042	0.0727338918137	0.0735128338225	0.993503114449
Shandong	Sichuan	6141997	0.0744575303552	0.0721982149245	0.0728450730281	0.99353378413
Shandong	Taiwan	4844969	0.0751745101026	0.074035147031	0.0738428776839	0.98981569991
Shandong	Tianjin	6098645	0.0744990792848	0.0719357926961	0.0728807647188	0.995554297388
Shandong	Unknown	6229455	0.0744143344938	0.0741954372859	0.0740782674399	0.99695123563
Shandong	Xinjiang	2243284	0.0776755305633	0.0743670821158	0.0753130798552	0.990918468927
Shandong	Yunnan	588498	0.0792247872892	0.0724733862003	0.0749485431964	0.989107233773
Shandong	Zhejiang	5682355	0.0746769550861	0.0747068683434	0.074258759512	0.994200835084
Shanghai	Shanghai	6008194	0.0735790428984	0.0735790428984	0.0735790428984	1.0
Shanghai	Shanxi	4940385	0.0742739968601	0.0727323679336	0.0728264708464	0.990847923681
Shanghai	Sichuan	6004632	0.0735801999699	0.0724701842144	0.072536284043	0.993333629496
Shanghai	Taiwan	4844954	0.0741764376613	0.0740351690391	0.073381053053	0.990220509988
Shanghai	Tianjin	5973385	0.0735999702926	0.072129039556	0.0723341167914	0.992771471892
Shanghai	Unknown	6008189	0.0735790664207	0.0743061323645	0.073603703698	0.995428803742
Shanghai	Xinjiang	2243259	0.0766698720443	0.0743667982498	0.0746768687037	0.988972437185
Shanghai	Yunnan	588498	0.0783168043448	0.0724733862003	0.0745083730116	0.988981856601
Anhui	Ningxia	128955	0.0816942003737	0.0820894507345	0.0809376724777	0.988351494326
Anhui	Qinghai	17575	0.0869882854404	0.0828551237674	0.0836234030328	0.985003483594
Shanghai	Zhejiang	5682317	0.0737050933142	0.0747067802601	0.0737220015409	0.993501112674
Shanxi	Shanxi	4940889	0.0727338918137	0.0727338918137	0.0727338918137	1.0
Shanxi	Sichuan	4940889	0.0727338918137	0.0735038230537	0.0723653144529	0.989707990225
Shanxi	Taiwan	4654465	0.0728029024119	0.0741972685804	0.0723395484585	0.984254678567
Shanxi	Tianjin	4940889	0.0727338918137	0.0732056165427	0.0723429823722	0.991415705153
Shanxi	Unknown	4940889	0.0727338918137	0.0750501803136	0.0732853827379	0.99191184671
Shanxi	Xinjiang	2241881	0.074927259823	0.0743672372037	0.0736437691323	0.986563988941
Shanxi	Yunnan	588498	0.0763581015299	0.0724733862003	0.0732819613125	0.985099835246
Shanxi	Zhejiang	4930322	0.0727271338902	0.0752457289263	0.0731528654676	0.988876780093
Sichuan	Sichuan	6141997	0.0721982149245	0.0721982149245	0.0721982149245	1.0
Sichuan	Taiwan	4844969	0.073413111783	0.074035147031	0.0730831081992	0.991313958288
Sichuan	Tianjin	6078151	0.0723632154132	0.0719762752998	0.0715395956744	0.991272068121
Sichuan	Unknown	6137446	0.0722091057621	0.0742416430778	0.0727539846941	0.993658183352
Sichuan	Xinjiang	2243284	0.0759580267576	0.0743670821158	0.0742933470801	0.98849099385
Sichuan	Yunnan	588498	0.0777437212984	0.0724733862003	0.074285633089	0.989652872975
Sichuan	Zhejiang	5682354	0.0728460155331	0.0747068610975	0.0732720091933	0.993241723319
Taiwan	Taiwan	4844969	0.074035147031	0.074035147031	0.074035147031	1.0
Taiwan	Tianjin	4844969	0.074035147031	0.0731092938918	0.0726801999596	0.987895136064
Taiwan	Unknown	4844969	0.074035147031	0.0749589519183	0.0738096395741	0.990791700936
Taiwan	Xinjiang	2241056	0.0763511429257	0.0743653276733	0.0741112634616	0.983538122399
Anhui	Shaanxi	3887905	0.0741060353608	0.0719888331091	0.0723758164006	0.990909789475
Anhui	Shandong	3887905	0.0741060353608	0.0755312833855	0.0742967724276	0.993069688305
Taiwan	Yunnan	588498	0.0777094047373	0.0724733862003	0.0739732524576	0.985708828504
Taiwan	Zhejiang	4843440	0.0740350447885	0.0751506553958	0.0738297649626	0.989797671705
Tianjin	Tianjin	6098645	0.0719357926961	0.0719357926961	0.0719357926961	1.0
Tianjin	Unknown	6085227	0.0719614816267	0.0742843513566	0.072657017297	0.993753907416
Tianjin	Xinjiang	2243284	0.075569700404	0.0743670821158	0.0741746554442	0.989444221513
Tianjin	Yunnan	588498	0.0771964093369	0.0724733862003	0.0738729108764	0.987637076677
Tianjin	Zhejiang	5681133	0.0724787157425	0.0747086169941	0.0729677683983	0.991609025783
Unknown	Unknown	6229455	0.0741954372859	0.0741954372859	0.0741954372859	1.0
Unknown	Xinjiang	2243284	0.0774755053575	0.0743670821158	0.075136137506	0.989865723366
Unknown	Yunnan	588498	0.0790898235359	0.0724733862003	0.0749108391798	0.989452800869
Unknown	Zhejiang	5682355	0.0744550464678	0.0747068683434	0.0741470648418	0.99418367754
Xinjiang	Xinjiang	2243284	0.0743670821158	0.0743670821158	0.0743670821158	1.0
Xinjiang	Yunnan	546587	0.0762168749968	0.0728212592416	0.0732126285918	0.982723493171
Xinjiang	Zhejiang	2242996	0.0743654365193	0.0775836829458	0.0749842451281	0.9871866235
Yunnan	Yunnan	588498	0.0724733862003	0.0724733862003	0.0724733862003	1.0
Yunnan	Zhejiang	588498	0.0724733862003	0.0791295877047	0.0748318260163	0.988160784206
Zhejiang	Zhejiang	5682355	0.0747068683434	0.0747068683434	0.0747068683434	1.0
All	Fujian	136163	0.0795710501596	0.0754359207655	0.0767820231998	0.991043936683
All	Gansu	6049	0.0893469992515	0.0809469711657	0.0844573312183	0.993109340975
Anhui	Shanghai	3887905	0.0741060353608	0.0745446106061	0.0737143031552	0.991783433013
Anhui	Shanxi	3842857	0.0741743388698	0.0730153720744	0.0726875495502	0.987702231071
Anhui	Sichuan	3887905	0.0741060353608	0.0738222308272	0.0732924152788	0.990920154118
Anhui	Taiwan	3862458	0.0741300881261	0.0743714526177	0.0732228003126	0.98615673161
Anhui	Tianjin	3887905	0.0741060353608	0.0734788802492	0.0731265923658	0.990985458466
Anhui	Unknown	3887905	0.0741060353608	0.0753461458755	0.0741579282728	0.992430899974
Anhui	Xinjiang	2146383	0.0761678051147	0.07437494616	0.0741733222137	0.985481960443
Anhui	Yunnan	588432	0.0776827445383	0.0724738663573	0.0739638320734	0.985749142808
Anhui	Zhejiang	3887905	0.0741060353608	0.075486952156	0.07407179766	0.990353292358
Beijing	Beijing	6267960	0.0700319154297	0.0700319154297	0.0700319154297	1.0
Beijing	Chongqing	6249754	0.0700858247732	0.0731480503714	0.0710509038216	0.992323176941
Beijing	Fujian	136163	0.0782748435996	0.0754359207655	0.0760239521417	0.989350643897
Beijing	Gansu	6049	0.0876806581513	0.0809469711657	0.0836988785883	0.993499006522
Beijing	Guangdong	3123763	0.0737409430677	0.0758106644824	0.0737784680091	0.986756822024
Beijing	Guangxi	5935364	0.0706891910097	0.0750916577578	0.0716442491306	0.983351950613
Beijing	Guizhou	5710524	0.0709592578674	0.073789113652	0.0716896991812	0.990731744909
Beijing	Hainan	0	0	0	0	0
Beijing	Hebei	6242147	0.070104915819	0.0703713157397	0.0697112837023	0.992501126809
Beijing	Heilongjiang	2980006	0.0741680603137	0.0775368928085	0.075141160893	0.99086672243
Beijing	Henan	6264304	0.0700407116349	0.0739432554325	0.0715615109089	0.994385866601
All	Guangdong	3123763	0.0767955504305	0.0758106644824	0.0755428048106	0.990056376496
All	Guangxi	5935386	0.0747223225656	0.075091627228	0.0740143355001	0.988086362893
Beijing	Hubei	531117	0.077217920344	0.0751613336264	0.0754574568764	0.990480375061
Beijing	Hunan	6157644	0.070303629438	0.0736703195564	0.0713519271526	0.991449407604
Beijing	Inner_Mongolia	5341390	0.0713794705494	0.0737104295738	0.0719353520537	0.991724953908
Beijing	Jiangsu	6267811	0.0700321612225	0.0740841735898	0.0716446547475	0.994654631682
Beijing	Jiangxi	5746136	0.0709145663388	0.0745164535682	0.0720644148189	0.991350089055
Beijing	Jilin	4830181	0.071869242886	0.0741682200263	0.0723787311384	0.991357969407
Beijing	Korea	60	0.158637378803	0.16463424784	0.159888558188	0.989360418865
Beijing	Liaoning	6252282	0.0700707704102	0.0738534735648	0.0715176572909	0.994167062121
Beijing	Ningxia	129019	0.0816068475738	0.0820848449756	0.0811620186615	0.991649159895
Beijing	Qinghai	17659	0.086314436469	0.082879402906	0.0838680986069	0.991589160407
Beijing	Shaanxi	6134877	0.0703758314668	0.0702208201989	0.0697614667085	0.992363733868
Beijing	Shandong	6267951	0.0700319580771	0.0744021012937	0.0718201946834	0.994960507345
Beijing	Shanghai	6008178	0.0705505584589	0.0735790175089	0.0715774135796	0.993456329598
Beijing	Shanxi	4940889	0.071795005461	0.0727338918137	0.0716039939685	0.990881494642
Beijing	Sichuan	6141929	0.0703491642855	0.0721984820571	0.070687550739	0.991857837287
Beijing	Taiwan	4844969	0.0717262226718	0.074035147031	0.0720438430898	0.9886416894
Beijing	Tianjin	6098469	0.0704469606762	0.071936019107	0.0706846190935	0.992934478372
Beijing	Unknown	6218547	0.0701535442235	0.074202801582	0.0716916268008	0.993650088506
Beijing	Xinjiang	2243284	0.0749121475526	0.0743670821158	0.0738650956041	0.989629812017
Beijing	Yunnan	588498	0.0774929706165	0.0724733862003	0.074087262457	0.988605714045
All	Guizhou	5710524	0.074872841187	0.073789113652	0.0739104781317	0.994369301511
All	Hainan	0	0	0	0	0
Beijing	Zhejiang	5682355	0.070911900756	0.0747068683434	0.072213396299	0.992151382631
Chongqing	Chongqing	6260367	0.0731104576634	0.0731104576634	0.0731104576634	1.0
Chongqing	Fujian	136163	0.0789802445111	0.0754359207655	0.0764792852658	0.990821645934
Chongqing	Gansu	6049	0.0881513469674	0.0809469711657	0.0838578429132	0.992724885417
Chongqing	Guangdong	3123763	0.0759638041365	0.0758106644824	0.0752147811635	0.991139288905
Chongqing	Guangxi	5935360	0.0737469588415	0.0750916976717	0.0737340381036	0.990831944236
Chongqing	Guizhou	5710524	0.0739480162277	0.073789113652	0.0734480732415	0.994308144284
Chongqing	Hainan	0	0	0	0	0
Chongqing	Hebei	6239014	0.0731757049652	0.0703809497656	0.0711802583375	0.991855807973
Chongqing	Heilongjiang	2980006	0.07643705724	0.0775368928085	0.0761986358787	0.989785348084
Chongqing	Henan	6257750	0.0731174891609	0.0739477167386	0.0730831583831	0.993903656866
Chongqing	Hubei	531117	0.0783053544359	0.0751613336264	0.0760409619298	0.991184800343
Chongqing	Hunan	6157453	0.073372914196	0.0736707331936	0.0731443333388	0.994867641854
Chongqing	Inner_Mongolia	5341390	0.0742527911393	0.0737104295738	0.0732949573332	0.990725254299
Chongqing	Jiangsu	6260277	0.0731104077789	0.0740891660112	0.0732237357096	0.994912587758
Chongqing	Jiangxi	5746136	0.0739151322483	0.0745164535682	0.0738058317847	0.994484253948
Chongqing	Jilin	4830181	0.0745736312415	0.0741682200263	0.0736597776688	0.990441501817
Chongqing	Korea	60	0.160382050918	0.16463424784	0.160841189226	0.989827013884
Chongqing	Liaoning	6247979	0.0731433985777	0.0738546370173	0.0730186149086	0.993475447786
Chongqing	Ningxia	129019	0.0825815762207	0.0820848449756	0.0815425605792	0.990401455266
All	Hebei	6250707	0.0745490645334	0.070339628162	0.0720896274199	0.995523801467
All	Heilongjiang	2980006	0.0772843332515	0.0775368928085	0.0768585951207	0.992870284551
Chongqing	Qinghai	17659	0.0871029535819	0.082879402906	0.0841631296513	0.990563061416
Chongqing	Shaanxi	6134844	0.0734540733142	0.0702208795766	0.0712930019506	0.992672126634
Chongqing	Shandong	6260357	0.073110475096	0.0744030753302	0.0733298668474	0.99425011517
Chongqing	Shanghai	6008170	0.0736047476044	0.0735789272645	0.0731792311856	0.994393330332
Chongqing	Shanxi	4940889	0.0745256600946	0.0727338918137	0.0729066022183	0.990251547542
Chongqing	Sichuan	6141912	0.073423088551	0.0721983139744	0.072418046053	0.994642358069
Chongqing	Taiwan	4844969	0.0744322855198	0.074035147031	0.0736453066433	0.992077102064
Chongqing	Tianjin	6098264	0.0735237789135	0.071936716452	0.0721561105781	0.992164993819
Chongqing	Unknown	6215733	0.0732248322181	0.0742040742329	0.0733116823274	0.99455800527
Chongqing	Xinjiang	2243284	0.076982564818	0.0743670821158	0.0748265230749	0.988937866826
Chongqing	Yunnan	588498	0.0786708987049	0.0724733862003	0.0747498117684	0.989951164684
Chongqing	Zhejiang	5682355	0.0738899767448	0.0747068683434	0.073853564433	0.994027570113
Fujian	Fujian	136163	0.0754359207655	0.0754359207655	0.0754359207655	1.0
Fujian	Gansu	4998	0.0889442843753	0.0835909284839	0.0851393833071	0.987397226304
Fujian	Guangdong	136053	0.0754427590643	0.0784804985568	0.0758902388896	0.986270996318
Fujian	Guangxi	136163	0.0754359207655	0.0797042875655	0.0764278186153	0.985647272113
Fujian	Guizhou	136163	0.0754359207655	0.0784671259231	0.0760680393458	0.988710740062
Fujian	Hainan	0	0	0	0	0
Fujian	Hebei	136163	0.0754359207655	0.0779736999071	0.0757901670375	0.988211026021
Fujian	Heilongjiang	134374	0.0754885782315	0.0797392598847	0.0763256033874	0.983769883398
All	Henan	6301805	0.0745222530625	0.0738945935025	0.0740904627389	0.998419343973
All	Hubei	531117	0.0789560811778	0.0751613336264	0.0764392957669	0.992262654187
Fujian	Henan	136163	0.0754359207655	0.0790739668881	0.0763876580709	0.98904792087
Fujian	Hubei	120666	0.075824745756	0.0762453168136	0.0748944050636	0.985002441961
Fujian	Hunan	136163	0.0754359207655	0.0793839858829	0.0766889987621	0.991008819102
Fujian	Inner_Mongolia	136163	0.0754359207655	0.0779729341779	0.0755656169506	0.985288005641
Fujian	Jiangsu	136163	0.0754359207655	0.0792636771769	0.0765638923822	0.990142719009
Fujian	Jiangxi	136163	0.0754359207655	0.0790897086267	0.0764195816769	0.989362785229
Fujian	Jilin	136163	0.0754359207655	0.0780472939454	0.0756219620518	0.98555285061
Fujian	Korea	55	0.141690318583	0.150569872592	0.137344680369	0.940313590647
Fujian	Liaoning	136163	0.0754359207655	0.0791158658217	0.0763972547165	0.988910213491
Fujian	Ningxia	44482	0.0791423749972	0.0820430360502	0.07928202748	0.983896343779
Fujian	Qinghai	6515	0.0876354483044	0.0853669564374	0.0851514955819	0.984481308377
Fujian	Shaanxi	136163	0.0754359207655	0.0771700356162	0.0753984725814	0.988209671255
Fujian	Shandong	136163	0.0754359207655	0.0794539093741	0.076584339142	0.989220791787
Fujian	Shanghai	136163	0.0754359207655	0.0786843104847	0.0762899599894	0.990225754485
Fujian	Shanxi	136163	0.0754359207655	0.0764999733216	0.0748393498615	0.985167931142
Fujian	Sichuan	136163	0.0754359207655	0.0781912987642	0.076066795988	0.990436900602
Fujian	Taiwan	136163	0.0754359207655	0.0778333546061	0.0757345275662	0.98837544728
Fujian	Tianjin	136163	0.0754359207655	0.0775931144357	0.0755549001102	0.987556486582
Fujian	Unknown	136163	0.0754359207655	0.0793950507903	0.0766509816102	0.990448520576
Fujian	Xinjiang	127307	0.0757332259636	0.0762488182995	0.0746353437102	0.982165670368
All	Hunan	6158083	0.0745905353238	0.0736689922236	0.0737946779802	0.995498971135
All	Inner_Mongolia	5341390	0.0751609951671	0.0737104295738	0.0740025726898	0.994228220678
Fujian	Yunnan	117672	0.0759518890392	0.0735865874647	0.0735106770066	0.983290404049
Fujian	Zhejiang	136163	0.0754359207655	0.0794233151348	0.0766473344841	0.990225151537
Gansu	Gansu	6049	0.0809469711657	0.0809469711657	0.0809469711657	1.0
Gansu	Guangdong	6049	0.0809469711657	0.08808724866	0.0835275591663	0.989174623688
Gansu	Guangxi	6049	0.0809469711657	0.0882583913039	0.0835761284549	0.988789723154
Gansu	Guizhou	6049	0.0809469711657	0.0874739550547	0.0834337693838	0.991521604215
Gansu	Hainan	0	0	0	0	0
Gansu	Hebei	6049	0.0809469711657	0.0885701753298	0.0840699456552	0.992879886353
Gansu	Heilongjiang	6049	0.0809469711657	0.0882898943671	0.0838093512227	0.991372068225
Gansu	Henan	6049	0.0809469711657	0.0892683608816	0.0843555475493	0.992349298314
Gansu	Hubei	5984	0.0810500005642	0.0858731322862	0.0824360413292	0.988125176835
Gansu	Hunan	6049	0.0809469711657	0.0891593215904	0.0841456916673	0.990485689825
Gansu	Inner_Mongolia	6049	0.0809469711657	0.0880065868453	0.0837336071645	0.992069070546
Gansu	Jiangsu	6049	0.0809469711657	0.0887912698433	0.0841715780373	0.992841756462
Gansu	Jiangxi	6049	0.0809469711657	0.0879721496041	0.0837004737421	0.991870588367
Gansu	Jilin	6049	0.0809469711657	0.0881666359564	0.083590991782	0.989480047537
Gansu	Korea	60	0.159412033883	0.16463424784	0.160465575557	0.990515406231
Gansu	Liaoning	6049	0.0809469711657	0.0896341040694	0.0844213774795	0.991095471126
Gansu	Ningxia	5814	0.080920784401	0.0879042215918	0.0835045058706	0.990090748062
Gansu	Qinghai	4495	0.0812358653896	0.0840138586828	0.0817844591463	0.989968587628
All	Jiangsu	6356354	0.0745034201815	0.0739712700495	0.074152609716	0.998865003626
All	Jiangxi	5746136	0.0748433852269	0.0745164535682	0.0743055106333	0.994988870374
Gansu	Shaanxi	6049	0.0809469711657	0.0878662746127	0.0837701123831	0.993293720201
Gansu	Shandong	6049	0.0809469711657	0.089612530777	0.0844987435042	0.992123137865
Gansu	Shanghai	6049	0.0809469711657	0.0891425342995	0.0838477989943	0.987072100675
Gansu	Shanxi	6049	0.0809469711657	0.0858681537148	0.0826571885632	0.991435043067
Gansu	Sichuan	6049	0.0809469711657	0.0880729295744	0.0837733126946	0.99216560276
Gansu	Taiwan	6049	0.0809469711657	0.0865031992569	0.0828725808131	0.990363161016
Gansu	Tianjin	6049	0.0809469711657	0.0881622237951	0.0838218662941	0.992237774166
Gansu	Unknown	6049	0.0809469711657	0.0895415494319	0.084253752302	0.989638648286
Gansu	Xinjiang	6047	0.0808343296663	0.0852139117372	0.0821225273856	0.98948481797
Gansu	Yunnan	6009	0.0810730349435	0.0844734219952	0.0817308251019	0.987614878417
Gansu	Zhejiang	6049	0.0809469711657	0.0891057047598	0.0837956643687	0.986662204502
Guangdong	Guangdong	3123763	0.0758106644824	0.0758106644824	0.0758106644824	1.0
Guangdong	Guangxi	3123763	0.0758106644824	0.0770917620945	0.0756225378746	0.989195450324
Guangdong	Guizhou	3123763	0.0758106644824	0.0757296227386	0.0749408069546	0.989054713374
Guangdong	Hainan	0	0	0	0	0
Guangdong	Hebei	3123763	0.0758106644824	0.073766585265	0.0737264332842	0.985889480362
Guangdong	Heilongjiang	2533909	0.0765989572106	0.0778530475463	0.0757815088261	0.981327592792
Guangdong	Henan	3123763	0.0758106644824	0.0762897207096	0.0750745473264	0.987175931274
Guangdong	Hubei	528916	0.0779418424129	0.0751832176751	0.0753958322352	0.984921349154
Guangdong	Hunan	3123763	0.0758106644824	0.076332678578	0.0753985450339	0.991157251122
